1.364937380075521708e-05
2.081115073949555382e-03
4.191925729901734531e-03
6.317987388821766186e-03
8.461708103809849682e-03
1.061746908429888822e-02
1.274995221815277552e-02
1.498919237278164771e-02
1.724368353037837587e-02
1.947971294754032370e-02
2.171012357413515392e-02
2.398628720963352084e-02
2.622793541736255160e-02
2.845272725339024686e-02
3.067992714251817354e-02
3.293923440631524313e-02
3.518489603587796749e-02
3.744018987784147878e-02
3.966417902950251928e-02
4.208081242917860454e-02
4.449985388195484143e-02
4.685789132285969605e-02
4.927934082873613314e-02
5.152098903646520900e-02
5.374096476629263569e-02
5.593926801821837158e-02
5.818011354158054288e-02
6.045386912397855694e-02
6.281190656488314095e-02
6.512338831251740512e-02
6.745573985368666370e-02
6.977203770752132828e-02
7.197515706564715232e-02
7.428824418201486479e-02
7.656440781751303049e-02
7.881809629074280898e-02
8.103807202056995118e-02
8.320426789782624233e-02
8.547802348022427721e-02
8.774696295642196719e-02
9.004881249165548607e-02
9.241969288242772584e-02
9.473759610499579709e-02
9.704907785263004738e-02
9.922330057355366328e-02
1.013927071882768927e-01
1.036576332426409341e-01
1.059458371436401564e-01
1.082749779473425600e-01
1.106129482790789570e-01
1.127992112655036849e-01
1.149878823050287796e-01
1.171556835510189215e-01
1.194029505493151566e-01
1.215940296419403821e-01
1.238140053717678296e-01
1.260042817800263171e-01
1.282330870378879939e-01
1.304386144491142263e-01
1.325630707393010144e-01
1.349427806581079692e-01
1.372550650901092906e-01
1.396347750089160233e-01
1.420714755177607258e-01
1.444953330767373145e-01
1.466486860041264217e-01
1.489714053328951016e-01
1.512218830686581361e-01
1.534940332823229725e-01
1.558271875078592050e-01
1.582004759517319781e-01
1.603995818880244173e-01
1.626629025736551493e-01
1.648435467695128775e-01
1.670498768651059729e-01
1.692778794386007313e-01
1.715026712746285376e-01
1.737226470044560267e-01
1.758374710822419307e-01
1.779980481689314442e-01
1.802332749017266644e-01
1.825142546434255775e-01
1.848626598719296799e-01
1.871580879322295721e-01
1.893210730720191748e-01
1.915619185953815196e-01
1.938517278651142317e-01
1.960572552763403531e-01
1.981817115665268636e-01
2.004434268834239252e-01
2.027051422003212366e-01
2.049275259832488427e-01
2.070969325979723497e-01
2.093064734310320363e-01
2.113996250309161939e-01
2.136308383418777379e-01
2.159094100304765063e-01
2.181887844034418045e-01
2.204151816082030313e-01
2.226905425593346810e-01
2.250630283188404801e-01
2.272468832521641058e-01
2.294018415482864670e-01
2.314227515551640357e-01
2.336531621817589666e-01
2.358362144307160346e-01
2.379927780955717886e-01
2.402055296660979000e-01
2.422529282570792253e-01
2.443830033378317779e-01
2.466005710145592889e-01
2.487274353578460273e-01
2.509787157779752031e-01
2.533086592660445113e-01
2.554202726063631301e-01
2.574829222003121587e-01
2.596162080185319132e-01
2.617703636302876613e-01
2.638562910708710518e-01
2.659534560925888580e-01
2.681918935628521128e-01
2.704335417705805988e-01
2.725676302731676048e-01
2.747691442625605496e-01
2.770172139452237725e-01
2.791882259286810331e-01
2.814346902426100305e-01
2.836426257069367685e-01
2.858088215841943502e-01
2.880520751606567287e-01
2.903739918050580737e-01
2.925650708976836878e-01
2.947962842086456758e-01
2.970194706759398118e-01
2.993132933675064500e-01
3.015011617226655560e-01
3.037002676589574124e-01
3.057773655715072536e-01
3.078528581153247567e-01
3.100262781518809962e-01
3.121691961825034944e-01
3.143378001128597221e-01
3.163603154884722657e-01
3.184799556724581260e-01
3.206268871249141061e-01
3.228059259520394964e-01
3.249945969915642441e-01
3.272900250518644416e-01
3.293952169172496003e-01
3.315806772193091723e-01
3.338536301173400944e-01
3.361233722779048971e-01
3.382775278896602011e-01
3.405633237375615407e-01
3.428491195854598828e-01
3.452087623950986228e-01
3.473845904847556176e-01
3.496125930582520414e-01
3.518068828883436083e-01
3.540886653144093010e-01
3.564057658526113559e-01
3.588256099897554341e-01
3.611740152182604247e-01
3.636299801519057850e-01
3.660137034925468047e-01
3.684150858892543123e-01
3.707482401147920159e-01
3.730934346058294437e-01
3.756320760292478633e-01
3.781803496650686935e-01
3.806852783450841993e-01
3.831203734851963971e-01
3.855755357344767265e-01
3.879231382786135773e-01
3.901952884922784137e-01
3.923935917442044619e-01
3.946215943176993868e-01
3.968471888380949997e-01
3.990567296711557410e-01
4.012494141325133601e-01
4.034180180628701429e-01
4.057600018164408406e-01
4.079743587557005946e-01
4.102786163440354517e-01
4.127241463809145361e-01
4.150741569781520313e-01
4.175349380179979586e-01
4.198167204440639289e-01
4.221354263509985438e-01
4.243626262401266058e-01
4.266628704066280919e-01
4.290915440718058305e-01
4.314206848755088308e-01
4.335844726996641585e-01
4.358815061286975268e-01
4.382812831566723633e-01
4.406521635474449639e-01
4.429339459735101014e-01
4.451073660100685614e-01
4.474694168728065580e-01
4.498908663786838624e-01
4.523990057961706501e-01
4.547907559804780786e-01
4.572627746014566452e-01
4.598214831340446396e-01
4.625102265340471641e-01
4.649308733555522211e-01
4.673097805899936730e-01
4.698476193290491154e-01
4.724464620799740944e-01
4.749449692850523652e-01
4.774282254871685671e-01
4.800375031348642629e-01
4.826780854728569548e-01
4.852568611146095834e-01
4.878597172873693211e-01
4.903148795366522594e-01
4.929859638805826894e-01
4.955535019412003472e-01
4.980809057834862386e-01
5.006508518972110355e-01
5.031076195152269781e-01
5.054102717348221141e-01
5.078598151935342919e-01
5.102892915430817800e-01
5.127412430548985434e-01
5.151506522952719047e-01
5.174404615650031181e-01
5.197631808937736020e-01
5.220473713729412157e-01
5.245531027373294686e-01
5.271278649572475050e-01
5.294867050825174948e-01
5.321321035267142507e-01
5.347502107024428852e-01
5.373129326568666375e-01
5.399599364697903470e-01
5.426318234980858080e-01
5.453847816474237664e-01
5.478897103274441571e-01
5.505624000401071472e-01
5.531548213160929484e-01
5.558668425627275589e-01
5.582915028060726481e-01
5.608638569728983114e-01
5.633262433814819614e-01
5.660165921502070541e-01
5.686788469661020473e-01
5.712198964426238312e-01
5.738652948868199211e-01
5.765668812366894214e-01
5.793110098579904443e-01
5.820390847919548749e-01
5.847198013482882706e-01
5.874157689075877320e-01
5.901550814226916852e-01
5.928927885690631339e-01
5.957468849486020623e-01
5.987342269330225841e-01
6.015176870882970039e-01
6.042144573319622181e-01
6.071207281953471258e-01
6.100695413301678860e-01
6.129356779752087592e-01
6.155746549444682802e-01
6.183709580496102864e-01
6.210460558153746424e-01
6.239402864132561621e-01
6.266659532941271094e-01
6.292647960450492572e-01
6.321742776458950663e-01
6.351078397777459861e-01
6.378921026173887121e-01
6.409524888791807706e-01
6.436677208632844982e-01
6.468131916679523696e-01
6.497475564841651563e-01
6.525229897957708358e-01
6.555287935206289829e-01
6.583403476287369438e-01
6.609777192292669579e-01
6.635958264049950373e-01
6.662925966486595852e-01
6.688850179246471628e-01
6.715095465753052606e-01
6.743211006834156640e-01
6.773244963551716680e-01
6.800469524985720549e-01
6.827525522702740934e-01
6.854493225139439705e-01
6.879253545567541872e-01
6.907762401988288836e-01
6.935388305605665327e-01
6.962412195948014526e-01
6.989203307823975697e-01
7.017407144185414669e-01
7.044013638657096177e-01
7.073389394193875246e-01
7.098326305182698359e-01
7.125261900244699298e-01
7.152879777018423813e-01
7.179526405708385184e-01
7.207633919945803935e-01
7.235613004684583460e-01
7.263840921576970588e-01
7.292574529620403645e-01
7.319044567749685148e-01
7.346373478151404512e-01
7.373325126900718285e-01
7.402460077127541727e-01
7.430431135022635969e-01
7.458779454570085843e-01
7.488965921317262131e-01
7.516808549713647203e-01
7.542708681942580373e-01
7.573031605032159996e-01
7.601468219859927045e-01
7.630619223774113280e-01
7.658301315297187939e-01
7.688447647826039955e-01
7.717205336400485560e-01
7.746348313471015379e-01
7.776711370778939258e-01
7.805461032509732888e-01
7.834571902205587079e-01
7.865239979572854478e-01
7.894118070802289555e-01
7.922057021322684855e-01
7.951224078924219452e-01
7.979973740655019743e-01
8.007487268461042085e-01
8.037424903054626313e-01
8.066575906968770360e-01
8.096112199378925345e-01
8.124572894737681628e-01
8.152792784786475622e-01
8.183340459498742447e-01
8.214353691143716496e-01
8.245904721314438746e-01
8.274871107824215422e-01
8.306759265428895755e-01
8.337868819197904457e-01
8.368440574441177171e-01
8.399020356528100750e-01
8.431052997318850828e-01
8.458871545184245555e-01
8.488680750279067322e-01
8.518209015845584764e-01
8.548202838344858279e-01
8.577594647569040109e-01
8.607179101041220193e-01
8.637694668378858021e-01
8.668354718902447908e-01
8.697329132255894324e-01
8.725396512274962157e-01
8.754788321499196169e-01
8.782398171429222078e-01
8.808073552035436959e-01
8.838420555656060218e-01
8.866503989362448657e-01
8.897404845196037471e-01
8.928410049997337339e-01
8.956043980458422427e-01
8.984849830094884249e-01
9.015389477963469123e-01
9.044620750314300572e-01
9.076492854231560381e-01
9.102754194425419776e-01
9.134241009846880699e-01
9.161874940307925819e-01
9.189717568704248718e-01
9.217504009194918968e-01
9.248886475648566696e-01
9.279755224107419931e-01
9.313778522127691417e-01
9.342215136955415167e-01
9.372915321697360413e-01
9.401319829150384111e-01
9.434291610650124005e-01
9.463948305715317311e-01
9.493340114939560204e-01
9.523133266346984760e-01
9.552998659347521349e-01
9.584589823736480163e-01
9.615322115853021101e-01
9.647194219770478529e-01
9.676192713655000777e-01
9.703826644115903788e-01
9.732776976938324331e-01
9.764472490294996421e-01
9.793784031082435337e-01
9.821594552104233600e-01
9.851877340975528918e-01
9.883051109493750097e-01
9.913863670046944021e-01
9.946321733551968247e-01
9.977310884665919755e-01
1.000787461306560600e+00
1.003909654264584006e+00
1.007090443181386519e+00
1.010318590475818956e+00
1.013419913640306147e+00
1.016396018043596694e+00
1.019497341208107200e+00
1.022668497912497143e+00
1.025568347300938932e+00
1.028794086542275554e+00
1.031946781506236643e+00
1.035320214671057393e+00
1.038441604944720487e+00
1.041890490440011030e+00
1.045210143752250298e+00
1.048683109778535627e+00
1.052338285156084741e+00
1.055540746550785780e+00
1.059143747444478478e+00
1.062383132320051216e+00
1.065881784246071939e+00
1.069353144903635533e+00
1.072719353909158402e+00
1.076177068932476111e+00
1.079534448409949610e+00
1.082948818477462050e+00
1.086594361642605477e+00
1.090034417609872852e+00
1.093654274875265786e+00
1.097128043585921864e+00
1.100918069937063981e+00
1.104533913780629817e+00
1.108208353582980310e+00
1.111597037750761574e+00
1.114866924632265999e+00
1.118215474581709001e+00
1.121724561404501941e+00
1.125181473743474436e+00
1.128761999474892308e+00
1.131982922610026199e+00
1.135784186542310170e+00
1.139140763335422690e+00
1.143067246028928396e+00
1.146871720698670050e+00
1.150578267875681515e+00
1.154239864728145326e+00
1.157671893851728084e+00
1.161223522945970199e+00
1.165117095580424422e+00
1.168451999895634419e+00
1.171937006187421026e+00
1.175662015104862901e+00
1.179319598535519820e+00
1.183285412762968614e+00
1.186835436488462348e+00
1.190741852072784379e+00
1.194393014028488853e+00
1.197842702208157695e+00
1.201546038647689274e+00
1.205299944202333107e+00
1.209186292677489671e+00
1.213152909589313655e+00
1.216911631250171100e+00
1.220522658987535536e+00
1.224461181946525423e+00
1.228542582722790044e+00
1.232235484265566505e+00
1.235970928079789921e+00
1.239637341038458906e+00
1.243725965974022740e+00
1.247710241941911935e+00
1.251762746080986810e+00
1.255235712107286794e+00
1.259341996098920724e+00
1.263393697553617301e+00
1.267657307681128831e+00
1.271896034593290592e+00
1.275863454189475998e+00
1.279465652398810827e+00
1.283482035741376537e+00
1.286991925248531121e+00
1.291138343458513971e+00
1.295148305326137228e+00
1.299024218904528238e+00
1.303151372689706378e+00
1.307528963997286686e+00
1.311396850732018837e+00
1.315318517319304936e+00
1.319300385234100537e+00
1.323283055833257782e+00
1.327508939795534637e+00
1.331481978182309955e+00
1.335257556214849872e+00
1.339447319380624890e+00
1.343149050451424520e+00
1.347262558602366100e+00
1.351033320528723713e+00
1.354828162986058793e+00
1.359064481845106753e+00
1.362667482738802560e+00
1.366693498293762632e+00
1.370111079098761397e+00
1.373701237042586287e+00
1.376425294815159406e+00
