1.364937380075521708e-05
5.652431163980682627e-04
1.127271755762862017e-03
1.686892342027469230e-03
2.251329034492452127e-03
2.815765726957434809e-03
3.389834631823167559e-03
3.963100852322170090e-03
4.529945597887338228e-03
5.108830608953445797e-03
5.686912935652824012e-03
6.260179156151828711e-03
6.845485642151770238e-03
7.411527703350211625e-03
8.003255664283989712e-03
8.576521884782998748e-03
9.172263267550424468e-03
9.747134856782895679e-03
1.032762523658246369e-02
1.091293172258241302e-02
1.149422478674871559e-02
1.206508295414753483e-02
1.264075722774673192e-02
1.322044492317957405e-02
1.381137019974662886e-02
1.442155990111518293e-02
1.505743550221906417e-02
1.565478225371994339e-02
1.625694511142120741e-02
1.687676702519051719e-02
1.749578625459308895e-02
1.810196253412798759e-02
1.869609854816195807e-02
1.930307751206359473e-02
1.990524036976485181e-02
2.050419248999918800e-02
2.111036876953408664e-02
2.171012357413515392e-02
2.232593206607079439e-02
2.295057008604045948e-02
2.356316784050918253e-02
2.417335754187772620e-02
2.476829624027842083e-02
2.536243225431238091e-02
2.596459511201363798e-02
2.658923313198329266e-02
2.717534230234995921e-02
2.777108368511738493e-02
2.839251096762012219e-02
2.900430603772212804e-02
2.959282326118898090e-02
3.020301296255752457e-02
3.081480803265954083e-02
3.143784068389577496e-02
3.202394985426243457e-02
3.261246707772929437e-02
3.324593462573298408e-02
3.386013774893517625e-02
3.447514355650412032e-02
3.506526614870443537e-02
3.565859947837168864e-02
3.627601333904082598e-02
3.690948088704452956e-02
3.748836589811067183e-02
3.808169922777792510e-02
3.866218960757748790e-02
3.929164373374755687e-02
3.991467638498377712e-02
4.052085266451871393e-02
4.120488932762635809e-02
4.187367498776616709e-02
4.257055460074148090e-02
4.323532683904761365e-02
4.387200512451822770e-02
4.449985388195484143e-02
4.515659927659369105e-02
4.579568561516453307e-02
4.644360148176934766e-02
4.707064755483924418e-02
4.774023589934576345e-02
4.839698129398462695e-02
4.900957904845337082e-02
4.963501975278978434e-02
5.026046045712620480e-02
5.083212130889173952e-02
5.145916738196161522e-02
5.207256782079710405e-02
5.265305820059668074e-02
5.327207742999928025e-02
5.385979196909942979e-02
5.444991456129975177e-02
5.505689352520141966e-02
5.565424027670232143e-02
5.622911186593480132e-02
5.685856599210482171e-02
5.746233421853948892e-02
5.808135344794198435e-02
5.868752972747682400e-02
5.928969258517804292e-02
5.989907960217978611e-02
6.051087467228176420e-02
6.118046301678822102e-02
6.179627150872381292e-02
6.242010684432669487e-02
6.307203613276508858e-02
6.368704194033400490e-02
6.429803432606921720e-02
6.493150187407283058e-02
6.555774526277591274e-02
6.620646381374743761e-02
6.683029914935029181e-02
6.745573985368666370e-02
6.813014430439350011e-02
6.872588568716087032e-02
6.931761364809456427e-02
6.995750267103205411e-02
7.055725747563305894e-02
7.114497201473309052e-02
7.172706776326609468e-02
7.232923062096729971e-02
7.298196259377241757e-02
7.362747040727699033e-02
7.421679031511052571e-02
7.484865249438069079e-02
7.547007977688335867e-02
7.607384800331805363e-02
7.666798401735194779e-02
7.727817371872044983e-02
7.791565468855771170e-02
7.850336922765779879e-02
7.914004751312837815e-02
7.976147479563105991e-02
8.030183095709408914e-02
8.091202065846261893e-02
8.148689224769503636e-02
8.205534236199357734e-02
8.265991327279495482e-02
8.326689223669656026e-02
8.389072757229946997e-02
8.447844211139954318e-02
8.509746134080208024e-02
8.574296915430663912e-02
8.635155348694169286e-02
8.695612439774307034e-02
8.757755168024580761e-02
8.817730648484684020e-02
8.882281429835142683e-02
8.943220131535316308e-02
9.004881249165548607e-02
9.070716325502774235e-02
9.133420932809753479e-02
9.196847956046792782e-02
9.259151221170404400e-02
9.321615023167366398e-02
9.385363120151098137e-02
9.445820211231233110e-02
9.508765623848230986e-02
9.570105667731770849e-02
9.632408932855386630e-02
9.698244009192609483e-02
9.754446873129084261e-02
9.815225037955915832e-02
9.875361055289363921e-02
9.935015462002773357e-02
9.994830405589530398e-02
1.005528749666966953e-01
1.011068767623941322e-01
1.016929859327607988e-01
1.023023729497625767e-01
1.029125626511310648e-01
1.035468328835014301e-01
1.041481930568359526e-01
1.047816606048395799e-01
1.053974690967752065e-01
1.060148829574443091e-01
1.066017948121776582e-01
1.072103791448127258e-01
1.078823755424194036e-01
1.085278833559239625e-01
1.091533240602603205e-01
1.097779620802299683e-01
1.104138376813337957e-01
1.109911173236664411e-01
1.116173607123695233e-01
1.121986537765357478e-01
1.127992112655036849e-01
1.133772935922030684e-01
1.139939047685054885e-01
1.145944622574732730e-01
1.151564908968381734e-01
1.157674832825735523e-01
1.163375387656056664e-01
1.169172264610384981e-01
1.175354430060743527e-01
1.181809508195790365e-01
1.187919432053144292e-01
1.193451423166452252e-01
1.199216192746110909e-01
1.205261901854126350e-01
1.211219315681801717e-01
1.217216863727812043e-01
1.222797015903125534e-01
1.228963127666148070e-01
1.235024890461497576e-01
1.240894009008831900e-01
1.246955771804181129e-01
1.252993454068530577e-01
1.259007055801874553e-01
1.264819986443539157e-01
1.270705158678206159e-01
1.276983646252572435e-01
1.282860791643575527e-01
1.288994796031930345e-01
1.294599028738243895e-01
1.300829355250606167e-01
1.306682420110606979e-01
1.312407055471929429e-01
1.318396576674275011e-01
1.323992782536919932e-01
1.329910062146259786e-01
1.336212630251626676e-01
1.342924567384027879e-01
1.349427806581079692e-01
1.355690240468111207e-01
1.362065050166484659e-01
1.367982329775823402e-01
1.374373193161532447e-01
1.380603519673894441e-01
1.387130839401948534e-01
1.393714347035670265e-01
1.400739331071096105e-01
1.407258623955480736e-01
1.413874238963874208e-01
1.420040350726899936e-01
1.426623858360622499e-01
1.433367902867692945e-01
1.439501907256045821e-01
1.446037253827766045e-01
1.451665567065082985e-01
1.457606927205423175e-01
1.463411831003418317e-01
1.469915070200469853e-01
1.476313960429843919e-01
1.482391776912527770e-01
1.488461566551544379e-01
1.494410953535551534e-01
1.500191776802544952e-01
1.506430130158575853e-01
1.512853100918951643e-01
1.519091454274982544e-01
1.525442183442353716e-01
1.531214979865681003e-01
1.537220554755357460e-01
1.543298371238042421e-01
1.549480536688400689e-01
1.555895480605110903e-01
1.562374639271159327e-01
1.568877878468210030e-01
1.575228607635580091e-01
1.582004759517319781e-01
1.588339434997355082e-01
1.594248687763026584e-01
1.600069645248357320e-01
1.605722039016674874e-01
1.611783801812022854e-01
1.618054262542723554e-01
1.624099971650736496e-01
1.630017251260075239e-01
1.636536544144461258e-01
1.642341447942456678e-01
1.647696848495083521e-01
1.654352597721813478e-01
1.660494628953833873e-01
1.665890163724798589e-01
1.671462289056444006e-01
1.677989608784495879e-01
1.683979129986838685e-01
1.689751926410167637e-01
1.695781581830846096e-01
1.701482136661168487e-01
1.708025510076555120e-01
1.713934762842225235e-01
1.720108901448915706e-01
1.725608785187555672e-01
1.731638440608234131e-01
1.737876793964265865e-01
1.743553268263584866e-01
1.749326064686911320e-01
1.754970431611561077e-01
1.760767308565890643e-01
1.766347460741201636e-01
1.772007881353186431e-01
1.778398744738894366e-01
1.784420373315907804e-01
1.790072767084224248e-01
1.796182690941577897e-01
1.802332749017266644e-01
1.808627290278967681e-01
1.814697079917983735e-01
1.820686601120329040e-01
1.826748363915677020e-01
1.833363978924068827e-01
1.840396989803161354e-01
1.846250054663160223e-01
1.852167334272499244e-01
1.858477929221534486e-01
1.864627987297223788e-01
1.870922528558923437e-01
1.876350170704556841e-01
1.882187181877220949e-01
1.888160649392230661e-01
1.894535459090604113e-01
1.900203906546255594e-01
1.906426206214949515e-01
1.912616398508975024e-01
1.918870805552339853e-01
1.925012836784361914e-01
1.930970250612035477e-01
1.937377167685078450e-01
1.943230232545078151e-01
1.949115404779745431e-01
1.955201248106096801e-01
1.961214849839440777e-01
1.966955538888098265e-01
1.972688201093089067e-01
1.978284406955734265e-01
1.984281955001745423e-01
1.990151073549077665e-01
1.996533910091117803e-01
2.002370921263782744e-01
2.008553086714139901e-01
2.014799466913838044e-01
2.020620424399167947e-01
2.027051422003212366e-01
2.033032916361889042e-01
2.039263242874249649e-01
2.045517649917614478e-01
2.051033587343588094e-01
2.057095350138936629e-01
2.062852092874929988e-01
2.068817533546269960e-01
2.074622437344266213e-01
2.080916978605965861e-01
2.086481077093943481e-01
2.092414410390615598e-01
2.098114965220935768e-01
2.103518526835568281e-01
2.109339484320897629e-01
2.115160441806228364e-01
2.121061667728230682e-01
2.126970920493902739e-01
2.133080844351254168e-01
2.139768700952652536e-01
2.145798356373332105e-01
2.151635367545996214e-01
2.157889774589362153e-01
2.164079966883387107e-01
2.169772494870041424e-01
2.176147304568415153e-01
2.182506060579454121e-01
2.188535716000133968e-01
2.194428915078469322e-01
2.200514758404821247e-01
2.206793245979186968e-01
2.213095814084554136e-01
2.219069281599563848e-01
2.225187232300583351e-01
2.231321236688939558e-01
2.237382999484288648e-01
2.244078882929354535e-01
2.250630283188404801e-01
2.256796394951422480e-01
2.262408654501401328e-01
2.268422256234745860e-01
2.274227160032741279e-01
2.280104305423751032e-01
2.285804860254065651e-01
2.292123482046765082e-01
2.297462828912057720e-01
2.302986793181693026e-01
2.308277978984980272e-01
2.313809970098286706e-01
2.319518551772277171e-01
2.325540180349295605e-01
2.331337057303619620e-01
2.337727920689324779e-01
2.343251884958966469e-01
2.349594587282662350e-01
2.354845638867613666e-01
2.361324797533663755e-01
2.366423339088936928e-01
2.372204162355937562e-01
2.378619106272643613e-01
2.384833379097667794e-01
2.390822900300011711e-01
2.396716099378342069e-01
2.402609298456676312e-01
2.407844296354292868e-01
2.413552878028280557e-01
2.419173164421936084e-01
2.424905826626923833e-01
2.430590327769905079e-01
2.436363124193237917e-01
2.442208162209563438e-01
2.448069253913226218e-01
2.453456761840523137e-01
2.459590766228879621e-01
2.466005710145592889e-01
2.471722318663252815e-01
2.477430900337235509e-01
2.483131455167554569e-01
2.489329674305247875e-01
2.495319195507585686e-01
2.501557548863616032e-01
2.507410613723616288e-01
2.514050309263012872e-01
2.520096018371035251e-01
2.526149754322708496e-01
2.532412188209738346e-01
2.537887991417378530e-01
2.544054103180395932e-01
2.549746631167050248e-01
2.555615749714383322e-01
2.561163794515026182e-01
2.566503141380324649e-01
2.571874595620291526e-01
2.577414613577256319e-01
2.582946604690563031e-01
2.589152850671928019e-01
2.595102237655929067e-01
2.600666336143904744e-01
2.606687964720918460e-01
2.612436680613243190e-01
2.618570685001599396e-01
2.623966219772570496e-01
2.629281486106858079e-01
2.635094416748515189e-01
2.640955508452182965e-01
2.646656063282506466e-01
2.652501101298835318e-01
2.657968877662802987e-01
2.664415928954182444e-01
2.669947920067491931e-01
2.675881253364172374e-01
2.681918935628521128e-01
2.687627517302501046e-01
2.693544796911838124e-01
2.699863418704548379e-01
2.705957288874560329e-01
2.712059185888245350e-01
2.717270103254860736e-01
2.723091060740190916e-01
2.729514031500569482e-01
2.735768438543942915e-01
2.741091731721899127e-01
2.747161521360910186e-01
2.753062747282912781e-01
2.759437556981293449e-01
2.764865199126925188e-01
2.771320277261968834e-01
2.777213476340303910e-01
2.782889950639622079e-01
2.788510237033270944e-01
2.795085717823336258e-01
2.800625735780309933e-01
2.806446693265634007e-01
2.813006120368353180e-01
2.818722728886017270e-01
2.825217941239394071e-01
2.831271677191076197e-01
2.837124742051076454e-01
2.842720947913722207e-01
2.848742576490734257e-01
2.854892634566431608e-01
2.860400545148738538e-01
2.866534549537085863e-01
2.872427748615420384e-01
2.878778477782802381e-01
2.885297770667182293e-01
2.891182942901848740e-01
2.897421296257879919e-01
2.903739918050580737e-01
2.909857868751600241e-01
2.915550396738259553e-01
2.921676374282952127e-01
2.927095989584910241e-01
2.933109591318254217e-01
2.939933904262004294e-01
2.945618405404991091e-01
2.951198557580299031e-01
2.957292427750315977e-01
2.963298002639995765e-01
2.969753080775042742e-01
2.975846950945062463e-01
2.982269921705446580e-01
2.988636704560151403e-01
2.994080400393114294e-01
3.000326780592811327e-01
3.005955093830133262e-01
3.011816185533803814e-01
3.017348139251443406e-01
