7.688652123415913586e-02
7.597454623811637775e-02
7.512120546007403088e-02
7.430505542550358555e-02
7.351624921002995749e-02
7.274799691018778158e-02
7.199687584101215065e-02
7.126105220789369366e-02
7.053880308772825236e-02
6.983030349022853467e-02
6.913370283570122177e-02
6.844944485579282367e-02
6.777661820078353938e-02
6.711509969592632796e-02
6.646468368509518554e-02
6.582347872140509315e-02
6.519196800366393318e-02
6.456922656651721548e-02
6.395650132871658067e-02
6.335363208385767775e-02
6.275912538235493832e-02
6.217322111091448666e-02
6.159494248323214849e-02
6.102441803291123318e-02
6.046169860949076463e-02
5.990562441893131779e-02
5.935691526383915506e-02
5.881460467540888803e-02
5.827946117721885533e-02
5.775213372364101927e-02
5.723180983993363113e-02
5.671818754799207857e-02
5.621084936650110053e-02
5.570921187153195231e-02
5.521335774802548640e-02
5.472436654597262473e-02
5.424116002214816878e-02
5.376346089868196121e-02
5.329158169500387149e-02
5.282522140189160192e-02
5.236401799861475914e-02
5.190774582933350284e-02
5.145649827140287569e-02
5.101002102641248592e-02
5.056881745153418706e-02
5.013309272817451090e-02
4.970227039967280852e-02
4.927610441022187843e-02
4.885463838057026859e-02
4.843824522762700535e-02
4.802598483799525031e-02
4.761875455184709505e-02
4.721670882649338374e-02
4.681915677772091611e-02
4.642640823953024520e-02
4.603815277060423206e-02
4.565428659608560674e-02
4.527421737929258894e-02
4.489811255781425009e-02
4.452598938387221372e-02
4.415726063467158985e-02
4.379206759355861595e-02
4.343031652790300956e-02
4.307238244524888571e-02
4.271783061244762564e-02
4.236651540592534931e-02
4.201896002874482006e-02
4.167570607679463301e-02
4.133610001912161463e-02
4.100023777617856080e-02
4.066847963128911864e-02
4.034062545324563348e-02
4.001632485572137465e-02
3.969548594138448683e-02
3.937799072799836458e-02
3.906409904106997871e-02
3.875351403222620367e-02
3.844653822421129769e-02
3.814273777080619959e-02
3.784223751430060984e-02
3.754478109794214674e-02
3.725029108458163818e-02
3.695873740214906944e-02
3.666998245533896472e-02
3.638395364606136773e-02
3.610052066681138788e-02
3.581983558739739587e-02
3.554160663717370605e-02
3.526566139597517996e-02
3.499199354036054005e-02
3.472080412287024964e-02
3.445213619433207253e-02
3.418584670770324213e-02
3.392178636124326685e-02
3.366024531737150938e-02
3.340130131270212938e-02
3.314474105853867925e-02
3.289054246543685056e-02
3.263876472203423168e-02
3.238948228544037689e-02
3.214250453801906909e-02
3.189817219519302388e-02
3.165635183408678499e-02
3.141688083664728043e-02
3.117969995062947267e-02
3.094485504776388687e-02
3.071248744720755930e-02
3.048229554059787155e-02
3.025433408982252520e-02
3.002860584211244910e-02
2.980527055573765211e-02
2.958423998111389674e-02
2.936549105108024124e-02
2.914904090380767213e-02
2.893474404738556258e-02
2.872234216433082118e-02
2.851179053231092317e-02
2.830309734025343929e-02
2.809622459315653381e-02
2.789143693129611523e-02
2.768848649725003108e-02
2.748750335192989488e-02
2.728839353385640459e-02
2.709111811732216324e-02
2.689587509419567521e-02
2.670247935832544689e-02
2.651102649318896540e-02
2.632129557371803291e-02
2.613340933823881523e-02
2.594741023323588955e-02
2.576330773144441463e-02
2.558116514963124435e-02
2.540071959963198164e-02
2.522202779925031280e-02
2.504506264013801886e-02
2.486970384960701663e-02
2.469592136981995853e-02
2.452378617014804030e-02
2.435320123393911601e-02
2.418420454155615490e-02
2.401681510565443697e-02
2.385130029974490834e-02
2.368744032611611733e-02
2.352523400686793928e-02
2.336451229968917673e-02
2.320523734272139649e-02
2.304755086265090555e-02
2.289135829615467424e-02
2.273668302650564549e-02
2.258337953606485288e-02
2.243150976309951292e-02
2.228098813578286222e-02
2.213193155007039600e-02
2.198418227221184129e-02
2.183767642126062739e-02
2.169241464610280681e-02
2.154847447763568943e-02
2.140578121139736362e-02
2.126431904736889034e-02
2.112407297528826056e-02
2.098492361517610705e-02
2.084692340995275561e-02
2.071005492975780057e-02
2.057428421398279847e-02
2.043966761249337710e-02
2.030612475586626720e-02
2.017363872723731966e-02
2.004228439344514848e-02
1.991209109985581788e-02
1.978314454891939161e-02
1.965550928187502142e-02
1.952911357411631424e-02
1.940391992966705725e-02
1.927979235426317481e-02
1.915679582874175654e-02
1.903484919302897427e-02
1.891404307794871190e-02
1.879435716405569723e-02
1.867585751764907348e-02
1.855860754021179324e-02
1.844252633925618987e-02
1.832764044853483001e-02
1.821391289287696558e-02
1.810123489488986437e-02
1.798960788558633117e-02
1.787896054892764569e-02
1.776925183319329193e-02
1.766061794158901854e-02
1.755301351999619119e-02
1.744627244502295130e-02
1.734035583467714511e-02
1.723525710770659400e-02
1.713113484198394709e-02
1.702794083597284486e-02
1.692563751681203099e-02
1.682431757250846260e-02
1.672394136130939818e-02
1.662436833514683437e-02
1.652563884881445150e-02
1.642765984094183077e-02
1.633036700113137119e-02
1.623387816729694386e-02
1.613820738916580191e-02
1.604334675371381011e-02
1.594926505298195629e-02
1.585598494022143548e-02
1.576349421230533940e-02
1.567179328334854238e-02
1.558082932869018881e-02
1.549069087323306192e-02
1.540134496664988077e-02
1.531270946233510497e-02
1.522471851736567454e-02
1.513743170127985517e-02
1.505082007373547033e-02
1.496494479043874136e-02
1.487976935814974526e-02
1.479533478420573013e-02
1.471152908162175546e-02
1.462842744242370298e-02
1.454598027747319375e-02
1.446415894286346565e-02
1.438305329539614832e-02
1.430261089105488125e-02
1.422280300475082734e-02
1.414365065508711890e-02
1.406524392289239429e-02
1.398764485869012468e-02
1.391072799872449146e-02
1.383448685149887836e-02
1.375899411859643484e-02
1.368428374904515424e-02
1.361028508587959658e-02
1.353698829058735259e-02
1.346431740229512425e-02
1.339220525533773264e-02
1.332060865634708373e-02
1.324961097463953769e-02
1.317920547402088791e-02
1.310936067318002433e-02
1.304013304018071875e-02
1.297150529808170118e-02
1.290347351857798475e-02
1.283600967091306881e-02
1.276908580856835063e-02
1.270269403795227722e-02
1.263680440742523566e-02
1.257147254927481334e-02
1.250668158935140488e-02
1.244244894687116833e-02
1.237873410483434494e-02
1.231550346834803071e-02
1.225275780930255159e-02
1.219050084026139687e-02
1.212871386837217728e-02
1.206744755305028116e-02
1.200666926522357160e-02
1.194632449303575407e-02
1.188641404689350090e-02
1.182694939313174397e-02
1.176794516685703181e-02
1.170939124613440234e-02
1.165124241063313776e-02
1.159347907358472367e-02
1.153615007500140462e-02
1.147918962321030356e-02
1.142266880407146086e-02
1.136653724439245887e-02
1.131081583153680827e-02
1.125550147400345563e-02
1.120057459170988381e-02
1.114606494563061614e-02
1.109193195350622989e-02
1.103818364506684892e-02
1.098482022340053002e-02
1.093186130788763831e-02
1.087925105134636417e-02
1.082705049505355149e-02
1.077524267263062739e-02
1.072381501696698623e-02
1.067278063422651135e-02
1.062213729441718879e-02
1.057184643437917952e-02
1.052193439043850633e-02
1.047242222219567885e-02
1.042326660452162594e-02
1.037445123083029219e-02
1.032598323998793095e-02
1.027785169472000132e-02
1.023007637477055427e-02
1.018264932709786290e-02
1.013553604875698337e-02
1.008875466084054214e-02
1.004232202248915053e-02
9.996225003969995415e-03
9.950461795137725482e-03
9.905059203216401084e-03
9.860023860478581495e-03
9.815326698170350611e-03
9.770954256528125229e-03
9.726940393016482098e-03
9.683233377003780049e-03
9.639861328559720666e-03
9.596804374669809512e-03
9.554062448126768650e-03
9.511667829799463209e-03
9.469585995262009073e-03
9.427830822657344914e-03
9.386347433470139737e-03
9.345157933300507827e-03
9.304309548868390164e-03
9.263773259661706519e-03
9.223492301596390025e-03
9.183490677287924411e-03
9.143812881022525194e-03
9.104419553846557905e-03
9.065300544952839892e-03
9.026496562511967733e-03
8.987972686281663764e-03
8.949752079841138963e-03
8.911809099429726308e-03
8.874183807915212926e-03
8.836824442850162858e-03
8.799719704682261445e-03
8.762876429609402912e-03
8.726285545654103790e-03
8.689968505599630910e-03
8.653889764085530636e-03
8.618039090334888089e-03
8.582469471962056798e-03
8.547177195980342618e-03
8.512128552320896366e-03
8.477311546190368502e-03
8.442730389371891353e-03
8.408397812090113652e-03
8.374337699114768607e-03
8.340546171002332851e-03
8.306977864524714081e-03
8.273632201896540667e-03
8.240508019001042614e-03
8.207575640525053076e-03
8.174848780359527181e-03
8.142327292727052218e-03
8.110002999598839302e-03
8.077870820314898490e-03
8.045946317182924024e-03
8.014244571367817871e-03
7.982723031130864108e-03
7.951393418483061748e-03
7.920278045274597653e-03
7.889371642044782848e-03
7.858703249119247669e-03
7.828249896125252794e-03
7.798000351977328604e-03
7.767940511930435631e-03
7.738080981879088063e-03
7.708439157061850594e-03
7.679009553214260521e-03
7.649790805032258799e-03
7.620777048412379594e-03
7.591977768333565794e-03
7.563388109995081501e-03
7.534991574811305756e-03
7.506794626574210712e-03
7.478791133108400428e-03
7.450970996029857019e-03
7.423338096225746800e-03
7.395892381410980321e-03
7.368665994503083121e-03
7.341646108875011720e-03
7.314831708046746171e-03
7.288240001475975241e-03
7.261841395662114833e-03
7.235642115197049411e-03
7.209638004576168421e-03
7.183800415879537139e-03
7.158111145234262972e-03
7.132584469143264140e-03
7.107228721947650256e-03
7.082044685817757632e-03
7.057048738864827621e-03
7.032219159025265322e-03
7.007546414394494327e-03
6.983019869957966808e-03
6.958641927856148469e-03
6.934427306684603880e-03
6.910369724873636349e-03
6.886482034094506925e-03
6.862773405159250731e-03
6.839248138377983580e-03
6.815904829879889867e-03
6.792728283292083849e-03
6.769710900723495753e-03
6.746851992212584553e-03
6.724144562690929049e-03
6.701596784312622429e-03
6.679192912112136282e-03
6.656940557932513637e-03
6.634858150926490478e-03
6.612918587503509131e-03
6.591122981574976288e-03
6.569488349228687699e-03
6.547985381562812686e-03
6.526619193123799068e-03
6.505403672592276025e-03
6.484329642224660219e-03
6.463375351750982011e-03
6.442543206422377683e-03
6.421833789977593812e-03
6.401267525040024893e-03
6.380851012886568432e-03
6.360567738376917031e-03
6.340427627348654838e-03
6.320436476397624063e-03
6.300574122978006876e-03
6.280840975267955144e-03
6.261243911095382836e-03
6.241779810482548513e-03
6.222436775177651695e-03
6.203211598112793809e-03
6.184112223437975876e-03
6.165138505564039112e-03
6.146299586061991505e-03
6.127583126855366304e-03
6.108977476269868839e-03
6.090475582699797844e-03
6.072072494187422294e-03
6.053769806800384824e-03
6.035567848531831966e-03
6.017495145185954714e-03
5.999537170150903882e-03
5.981691643523682177e-03
5.963962941615902173e-03
5.946359313621250517e-03
5.928859307239640712e-03
5.911467307195382090e-03
5.894185343512286027e-03
5.877009688733859753e-03
5.859939180647920007e-03
5.842986642160262999e-03
5.826141745186090744e-03
5.809408332561035414e-03
5.792796049941718525e-03
5.776303701410525140e-03
5.759928762454465979e-03
5.743660722137039661e-03
5.727505077175160282e-03
5.711458917204465142e-03
5.695530233055189594e-03
5.679720814002702997e-03
5.664019082352449684e-03
5.648416753173766264e-03
5.632926260514717343e-03
5.617547176475582056e-03
5.602273105426571614e-03
5.587105416001682950e-03
5.572032243968607669e-03
5.557065360816978647e-03
5.542200577330420180e-03
5.527430615691262573e-03
5.512767182099373789e-03
5.498191593361763732e-03
5.483706398372927178e-03
5.469321916888351780e-03
5.455037921681686955e-03
5.440866161049153112e-03
5.426788822487594623e-03
5.412811755394766715e-03
5.398938772993601247e-03
5.385160283658383187e-03
5.371475911441685701e-03
5.357880562162588810e-03
5.344369117875490474e-03
5.330943937309287790e-03
5.317601523540594483e-03
5.304337343595825517e-03
5.291156577440277869e-03
5.278065804150290814e-03
5.265062152882544338e-03
5.252142548101767540e-03
5.239303510211885603e-03
5.226553633132195210e-03
5.213884784382612908e-03
5.201296568260286267e-03
5.188792672734629519e-03
5.176367645828454378e-03
5.164025052182423352e-03
5.151768317602015146e-03
5.139586542931741039e-03
5.127479921503430745e-03
5.115447584067715596e-03
5.103491660272191019e-03
5.091618669064779286e-03
5.079824263124628134e-03
5.068104118972750413e-03
5.056460921232151795e-03
5.044889059850067060e-03
5.033387422778610142e-03
5.021950965224048109e-03
5.010585550265138702e-03
4.999582023571491791e-03
