7.688652123415909423e-02
7.375058177370469314e-02
7.097036576954793285e-02
6.838159817199378210e-02
6.595103928624171385e-02
6.365383411670856584e-02
6.148019892403856074e-02
5.941149663635830053e-02
5.743921894650368815e-02
5.555981360456646589e-02
5.376346089868196121e-02
5.204408791777275639e-02
5.039377586924648905e-02
4.881279140524519972e-02
4.729674286902389724e-02
4.584572002486028003e-02
4.445193602178616060e-02
4.310802461265986207e-02
4.181259998020802476e-02
4.056970156901628516e-02
3.937799072799835765e-02
3.823353256661304184e-02
3.713333209480427360e-02
3.607231762038708156e-02
3.504652063294735886e-02
3.405354032650560747e-02
3.309371482729971115e-02
3.216709254617911018e-02
3.127428748665115471e-02
3.041367432964263776e-02
2.958423998111390368e-02
2.878587204375302258e-02
2.801406277761629704e-02
2.726857780637466366e-02
2.654917557951772325e-02
2.585508803181866405e-02
2.518651535120517565e-02
2.454093454146562964e-02
2.391726796998323162e-02
2.331657672182760668e-02
2.273668302650565590e-02
2.217650871021032907e-02
2.163468655478070768e-02
2.111011128830075217e-02
2.060134436441963743e-02
2.010781477753706414e-02
1.963014102725734941e-02
1.916904715655092309e-02
1.872311022384723009e-02
1.829341333157570929e-02
1.787896054892764916e-02
1.747820911482867931e-02
1.708974448387957229e-02
1.671394758322675492e-02
1.634976100289446330e-02
1.599620071570103871e-02
1.565354544068511822e-02
1.532154692870582417e-02
1.499920138435599341e-02
1.468652012441584546e-02
1.438305329539615526e-02
1.408868035686370972e-02
1.380420266807681935e-02
1.352969463121143218e-02
1.326376006107059420e-02
1.300573080542536536e-02
1.275576697198270090e-02
1.251313523999834226e-02
1.227779856489425586e-02
1.204916951734925738e-02
1.182694939313175958e-02
1.161075919881712597e-02
1.140016969680196328e-02
1.119510554072960032e-02
1.099545977434540460e-02
1.080110676979699480e-02
1.061205261225740826e-02
1.042816770182872048e-02
1.024913791681745026e-02
1.007479137627318409e-02
9.905059203216406288e-03
9.740106624901103197e-03
9.579672050391035976e-03
9.423671047478827945e-03
9.271858901094462077e-03
9.124080295928472389e-03
8.980303409710659740e-03
8.840548038412141679e-03
8.704464416096777124e-03
8.571854177468276464e-03
8.442730389371901761e-03
8.317028880505490315e-03
8.194460265232912655e-03
8.074668826347143613e-03
7.957644112435735897e-03
7.843449329843805648e-03
7.732134193845583564e-03
7.623668728352371582e-03
7.518048091008712117e-03
7.415081936892607348e-03
7.314831708046755712e-03
7.217420785538713503e-03
7.122422476994368264e-03
7.029746468760712449e-03
6.939256362570199975e-03
6.850987321386271117e-03
6.765127322364885773e-03
6.681426230251395065e-03
6.599820487381819964e-03
6.520239583557348867e-03
6.442543206422388959e-03
6.366638625681162247e-03
6.292666698254322129e-03
6.220508949419923349e-03
6.150056479034302775e-03
6.081261662147925164e-03
6.013893691632735648e-03
5.948114784679300708e-03
5.883868240023726152e-03
5.821108455709816422e-03
5.759928762454478990e-03
5.700295565332543987e-03
5.642208269359643216e-03
5.585593859192823467e-03
5.530376115903071904e-03
5.476500249293112660e-03
5.423984938356113047e-03
5.372840185015802413e-03
5.322930428304526417e-03
5.274157296947929591e-03
5.226553633132209088e-03
5.180086699817808282e-03
5.134734981220272741e-03
5.090435303493306800e-03
5.047198128945970357e-03
5.004934788925395443e-03
4.963655152266584734e-03
4.923322237633688710e-03
4.883868987502355472e-03
4.845364717171235167e-03
4.807797134322262453e-03
4.771162410951211227e-03
4.735371764813140275e-03
4.700421374649877727e-03
4.666224714357170705e-03
4.632766412312873047e-03
4.600045179430643609e-03
4.568043179088326564e-03
4.536700746747211223e-03
4.506018290560883169e-03
4.476019895883721726e-03
4.446689611973350664e-03
4.417984132160599972e-03
4.389898144920887507e-03
4.362351961609800891e-03
4.335320218332593470e-03
4.308836923059903602e-03
4.282885087437814965e-03
4.257455093883365758e-03
4.232535208341691932e-03
4.208134411642278083e-03
4.184250243918616677e-03
4.160856765831294317e-03
4.137944520633514769e-03
4.115481741033146998e-03
4.093495476275654278e-03
4.071950417271695023e-03
4.050840261181830500e-03
4.030149645811192081e-03
4.009884482046063674e-03
3.990038358914004858e-03
3.970624176846230223e-03
3.951632489052647398e-03
3.933037155851555090e-03
3.914800539719611415e-03
3.896908949495949456e-03
3.879346955214721653e-03
3.862107386537004267e-03
3.845191840926330280e-03
3.828595946612996497e-03
3.812338842645088873e-03
3.796393383008550993e-03
3.780746854750627675e-03
3.765395262624485033e-03
3.750352431081709591e-03
3.735597788501239351e-03
3.721115089443870379e-03
3.706902921165840421e-03
3.692947484087004233e-03
3.679232117672944034e-03
3.665746269068839800e-03
3.652495719293798963e-03
3.639489808895223031e-03
3.626714631380127066e-03
3.614150280699270253e-03
3.601826878294057521e-03
3.589734318203377950e-03
3.577861458524555886e-03
3.566216582836326168e-03
3.554807075733875006e-03
3.543624209899880889e-03
3.532652867281308676e-03
3.521890730351466547e-03
3.511334618537248833e-03
3.500987571091221297e-03
3.490833694473354301e-03
3.480893956657606526e-03
3.471151808489438603e-03
3.461595147078750691e-03
3.452213655888773831e-03
3.443019382167877927e-03
3.434002047781266592e-03
3.425155972793255277e-03
3.416490922169263585e-03
3.407998542744086409e-03
3.399664151845048846e-03
3.391491553591816869e-03
3.383480537707964433e-03
3.375619359435999469e-03
3.367905740860315834e-03
3.360325537725306067e-03
3.352878347650956308e-03
3.345554169486065089e-03
3.338362104626873671e-03
3.331296034070542911e-03
3.324352304401923842e-03
3.317528489204047207e-03
3.310832647737740712e-03
3.304260770506473131e-03
3.297801221470809084e-03
3.291467481642001633e-03
3.285246568563642260e-03
3.279130148653374224e-03
3.273115362594741177e-03
3.267205167279370066e-03
3.261401819855859127e-03
3.255689824650431687e-03
3.250076347777810203e-03
3.244548933321954320e-03
3.239113678050682503e-03
3.233753596543795066e-03
3.228486893177443928e-03
3.223311483536788272e-03
3.218209428152792387e-03
3.213184654127794471e-03
3.208239582208412006e-03
3.203362380254591232e-03
3.198558734040127510e-03
3.193842046881591179e-03
3.189189992524986070e-03
3.184614659372854168e-03
3.180117469385625954e-03
3.175695879073705402e-03
3.171345819606727866e-03
3.167061373000980458e-03
3.162856741354837242e-03
3.158719552354112038e-03
3.154648953081902376e-03
3.150650827576682161e-03
3.146717991255784316e-03
3.142851151798406201e-03
3.139048475289371847e-03
3.135316082519604402e-03
3.131645505723617672e-03
3.128032840504649595e-03
3.124476911459333518e-03
3.120976156104582518e-03
3.117529920934853076e-03
3.114148475465983602e-03
3.110815417024677659e-03
3.107536459245309468e-03
3.104304719656691448e-03
3.101128141150941934e-03
3.098002858824631944e-03
3.094931462926038199e-03
3.091915659480831691e-03
3.088956629200293770e-03
3.086043603233984151e-03
3.083175878067627787e-03
3.080359998778406296e-03
3.077589191434841869e-03
3.074859935829934911e-03
3.072175881427144720e-03
3.069529275753499556e-03
3.066918651705856889e-03
3.064342022346862489e-03
3.061802559596243662e-03
3.059305070166060472e-03
3.056848329341301657e-03
3.054426122488960223e-03
3.052041645241157942e-03
3.049684566456458985e-03
3.047367624093728997e-03
3.045085264284959261e-03
3.042836994071478496e-03
3.040619644858558093e-03
3.038438574925976261e-03
3.036282318600704369e-03
3.034162643138920562e-03
3.032073513691004377e-03
3.030009698059537866e-03
3.027985589850539470e-03
3.025997611978778305e-03
3.024036426756276062e-03
3.022100644750307184e-03
3.020193889172764507e-03
3.018316319945002837e-03
3.016470065149845416e-03
3.014652576510242366e-03
3.012853925510617596e-03
3.011088638750190633e-03
3.009351754633001440e-03
3.007636148344258048e-03
3.005949306130299443e-03
3.004287674648480760e-03
3.002650332634694899e-03
3.001041363579034366e-03
2.999456608924360324e-03
2.997896450514190951e-03
2.996357410701372924e-03
2.994840395304718128e-03
2.993342668384477503e-03
2.991869314232898248e-03
2.990424629813275958e-03
2.989005100808181555e-03
2.987605052592949041e-03
2.986229272877183490e-03
2.984876234974589721e-03
2.983545555898226096e-03
2.982237390456037723e-03
2.980953472692686370e-03
2.979685360672179768e-03
2.978436975476989653e-03
2.977211242786454576e-03
2.976004703938925355e-03
2.974821686025640698e-03
2.973655797045566661e-03
2.972511558148051812e-03
2.971383821539565293e-03
2.970275202716868984e-03
2.969180880635716776e-03
2.968107777163078893e-03
2.967053474223628994e-03
2.966010814100128717e-03
2.964987905916681606e-03
2.963982688510736260e-03
2.962992554440865411e-03
2.962016639969761687e-03
2.961054662135686414e-03
2.960112125357822633e-03
2.959184781793979067e-03
2.958275691225991169e-03
2.957378071851173105e-03
2.956498580013151769e-03
2.955635348118511741e-03
2.954784884538221978e-03
2.953947039008556971e-03
2.953125342471646549e-03
2.952314878995734426e-03
2.951518970014949204e-03
2.950735722324039027e-03
2.949964170220673726e-03
2.949204183568314170e-03
2.948457517758450511e-03
2.947721725197895593e-03
2.946997739707130862e-03
2.946284932092256212e-03
2.945583754570481501e-03
2.944890503673211132e-03
2.944209951024902641e-03
2.943541444854627133e-03
2.942883965450240457e-03
2.942235606353564223e-03
2.941599197097245679e-03
2.940972557016382702e-03
2.940356095918346489e-03
2.939748566195770230e-03
2.939152201651149335e-03
2.938561037363095381e-03
2.937981686160725126e-03
2.937411665388424929e-03
2.936851296893782000e-03
2.936300008509859245e-03
2.935758536560046077e-03
2.935227001400363654e-03
2.934704881217988122e-03
2.934189856125572152e-03
2.933684918615383184e-03
2.933186993183840678e-03
2.932695235325420528e-03
2.932214311244818374e-03
2.931742440685972291e-03
2.931277767015248985e-03
2.930820938086229135e-03
2.930369351496498950e-03
2.929928990816361729e-03
2.929496526701954370e-03
2.929070799438430149e-03
2.928650998988562102e-03
2.928238264849082444e-03
2.927832403775298790e-03
2.927433973698071942e-03
2.927042014890521033e-03
2.926657776493029640e-03
2.926278630663357513e-03
2.925907008498093882e-03
2.925542698118723580e-03
2.925184424540089659e-03
2.924832197491632028e-03
2.924486635476065445e-03
2.924147207206210294e-03
2.923815255938964214e-03
2.923490736893788119e-03
2.923172648034047787e-03
2.922861952985910793e-03
2.922557465615120784e-03
2.922260024796914397e-03
2.921967445294843240e-03
2.921680963855539503e-03
2.921402084462354672e-03
2.921127520910888568e-03
2.920857567178990633e-03
2.920594069159496153e-03
2.920334590731401853e-03
2.920081628016663565e-03
2.919834238432748863e-03
2.919592812693239895e-03
2.919357551936080635e-03
2.919127025212454613e-03
2.918901718553033268e-03
2.918681141544945696e-03
2.918465371698402821e-03
2.918255091445083518e-03
2.918048618370139725e-03
2.917848539998682718e-03
2.917652402596380892e-03
2.917461469493021816e-03
2.917273636395099554e-03
2.917090140123985986e-03
2.916910328940958662e-03
2.916734478151220694e-03
2.916564497526826557e-03
2.916399166383898921e-03
2.916238483638644574e-03
2.916082246275576283e-03
2.915929504089062856e-03
2.915780797582534067e-03
2.915635936888055606e-03
2.915495922102810927e-03
2.915359634172930928e-03
2.915228728440812621e-03
2.915100380381001333e-03
2.914975913471558149e-03
2.914855664176921844e-03
2.914738845501097138e-03
2.914624445288950885e-03
2.914513536629376872e-03
2.914406624892865779e-03
2.914303423776797106e-03
2.914203540451605536e-03
2.914107494646026811e-03
2.914014123762773828e-03
2.913923828639646170e-03
2.913836999740253633e-03
2.913752977147693844e-03
2.913672159939778399e-03
2.913593757917800914e-03
2.913518122001842146e-03
2.913445889371002809e-03
2.913376318065052234e-03
2.913308138420825887e-03
2.913242944237809818e-03
2.913180327699010311e-03
2.913119806452548876e-03
2.913062492015844416e-03
2.913007554285269168e-03
2.912954401175635831e-03
2.912903823955400977e-03
2.912855588161331489e-03
2.912809513299453000e-03
2.912765781979884377e-03
2.912723632770811751e-03
2.912683112999561643e-03
2.912644843150883137e-03
2.912609088965381534e-03
2.912575281062407435e-03
2.912543535891640167e-03
2.912514350625549590e-03
2.912486936270399472e-03
2.912461288842313652e-03
2.912437243314869046e-03
2.912415756644989948e-03
2.912395790692029127e-03
2.912378106325926117e-03
2.912362785603520975e-03
2.912348844205053019e-03
2.912336461151329107e-03
2.912326560342182180e-03
2.912318804100750506e-03
2.912312942025320830e-03
2.912309341945738730e-03
