1.364937380075521708e-05
2.077904336482637969e-03
4.177477411300607041e-03
6.316382020088305745e-03
8.471340316210600185e-03
1.062067982176580390e-02
1.276118979928698126e-02
1.494825547007845243e-02
1.719471978400788706e-02
1.942111698876908960e-02
2.161861755632801460e-02
2.384100133925551659e-02
2.603930459118116575e-02
2.824081858057371844e-02
3.042948962009862576e-02
3.265668950922655245e-02
3.483974175818436297e-02
3.699710810740692440e-02
3.922189994343473068e-02
4.144187567326213656e-02
4.361529570981925036e-02
4.579674259004366116e-02
4.793484451446469730e-02
5.005528738281769807e-02
5.212516113606678603e-02
5.428493553838950603e-02
5.649046294961583559e-02
5.864622393010471280e-02
6.078833927635918233e-02
6.299386668758519270e-02
6.511109881847099157e-02
6.725000342725850899e-02
6.945713620721803705e-02
7.140660730545751733e-02
7.358725150131499582e-02
7.565873062329733778e-02
7.786586340325683808e-02
8.013159214198761759e-02
8.237324034971645059e-02
8.449769663990286395e-02
8.672409384466384097e-02
8.887263066585211757e-02
9.112391108598165423e-02
9.337920492794489491e-02
9.562566924187400341e-02
9.772443963232507746e-02
9.991471604058327349e-02
1.020897414458736135e-01
1.043707211875721380e-01
1.066789921977395889e-01
1.089415101990034024e-01
1.112578080528380808e-01
1.134151744020605451e-01
1.157772252647991384e-01
1.181633566585396367e-01
1.205093538339436915e-01
1.228071899473438672e-01
1.250416139957724326e-01
1.273113561563371243e-01
1.295192916206636680e-01
1.316501693857840827e-01
1.337449263544016609e-01
1.358517235885203511e-01
1.380155114126767613e-01
1.401062549594609408e-01
1.422828857334852148e-01
1.444587138231426260e-01
1.466441741252007547e-01
1.487854867870887776e-01
1.509781712484474792e-01
1.530568745297304356e-01
1.550737711147752163e-01
1.570994972278541846e-01
1.590754569101959226e-01
1.611140259731424218e-01
1.631550030891890657e-01
1.652144419456707813e-01
1.672048499466136928e-01
1.692883693340971052e-01
1.712450645916373804e-01
1.731977464273439515e-01
1.751311638382488101e-01
1.770902671488891189e-01
1.789265597514197170e-01
1.807933543598860826e-01
1.827123234521898787e-01
1.845911583261573286e-01
1.864483207222229488e-01
1.882509005813509662e-01
1.900839824464147509e-01
1.919178669958452321e-01
1.937332898048409191e-01
1.955029596049332186e-01
1.972244683430215972e-01
1.989965461962142634e-01
2.008521032235464077e-01
2.026916065635441244e-01
2.045503743283433318e-01
2.062494079041635175e-01
2.079516522174504611e-01
2.096707529024387506e-01
2.115142696642701714e-01
2.132638723551944504e-01
2.151226401199936022e-01
2.168529783861163629e-01
2.185295367996681337e-01
2.203794750364334865e-01
2.223088790255049740e-01
2.241620279997369736e-01
2.260537058235717878e-01
2.279349487506396044e-01
2.300032171351548693e-01
2.320152976140001932e-01
2.340827633141487063e-01
2.362272867135041254e-01
2.380523417349003634e-01
2.400074316237073291e-01
2.418581725448394615e-01
2.437723255309426629e-01
2.457595227944184002e-01
2.478382260757014399e-01
2.497748542240736946e-01
2.518583736115566629e-01
2.537420245917241246e-01
2.557252084333659914e-01
2.576802983221726517e-01
2.596988002759511027e-01
2.617413827607313892e-01
2.638176779889152557e-01
2.658466148394599271e-01
2.679261208051103016e-01
2.701196079508350611e-01
2.722649340345576485e-01
2.743010950444032536e-01
2.764432103906587779e-01
2.786936881264207577e-01
2.809168745937162259e-01
2.830124342466992515e-01
2.851047831622166573e-01
2.871377334345968646e-01
2.889748287214938816e-01
2.910125951000736011e-01
2.927766461095998585e-01
2.948392957035474438e-01
2.967261574211822461e-01
2.985576339175136651e-01
3.005303828623877571e-01
3.023907559959203017e-01
3.043627022564280860e-01
3.064799343873150228e-01
3.082760927715084143e-01
3.101862323357787998e-01
3.119807853512394646e-01
3.140795557416918293e-01
3.159688255124256107e-01
3.179487986166015800e-01
3.199953945232157926e-01
3.221527608724384373e-01
3.242025675165181586e-01
3.263719741312419154e-01
3.285181028993299224e-01
3.309379470364740561e-01
3.328224007010076591e-01
3.350712730680381335e-01
3.370488381191124594e-01
3.394951708403586288e-01
3.417183573076527092e-01
3.440210095272535074e-01
3.463276751686875654e-01
3.485452428454158258e-01
3.511143862747705402e-01
3.536032612674524511e-01
3.559396262304551639e-01
3.581668261195838920e-01
3.605256662448556582e-01
3.627560768714495065e-01
3.649632096514093260e-01
3.672064632278718155e-01
3.694754027040708100e-01
3.718559153072438783e-01
3.741104064648406724e-01
3.760895768846490017e-01
3.784082827915852265e-01
3.807823739198251678e-01
3.831572677324305287e-01
3.854077454681937298e-01
3.877248460063953406e-01
3.899367948925556715e-01
3.924529611537079798e-01
3.944104590956147294e-01
3.966601341470108455e-01
3.990872024434548027e-01
4.015584183800686713e-01
4.038418061748680343e-01
4.066060019053379659e-01
4.087689870451273189e-01
4.113421438963162924e-01
4.135765679447440668e-01
4.159097221702806046e-01
4.185270266616397672e-01
4.208601808871752503e-01
4.233779525170591751e-01
4.259446878933140224e-01
4.287393856297198602e-01
4.313414391181104590e-01
4.340486442585442250e-01
4.365094252983893752e-01
4.393153606159296287e-01
4.417480477029410713e-01
4.445644179172486554e-01
4.472202512582098000e-01
4.494434377255050461e-01
4.520872308009685758e-01
4.543706185957652188e-01
4.569156814941235378e-01
4.595715148350865698e-01
4.620467441935341979e-01
4.645669238765242626e-01
4.670895116126083657e-01
4.695213960152551103e-01
4.720889340758810393e-01
4.750722626384649705e-01
4.777890999913043113e-01
4.804080098513948127e-01
4.830285250802242025e-01
4.857654295422292323e-01
4.883891555085186353e-01
4.908860573448733389e-01
4.933315873817509800e-01
4.958196596900681929e-01
4.983189695795244289e-01
5.008415573156056455e-01
5.030230041958325682e-01
5.059204455311852033e-01
5.081958064823147714e-01
5.106886948968344386e-01
5.135933603914860646e-01
5.158574837614808839e-01
5.180606031196099970e-01
5.206923559295741910e-01
5.233570187985687738e-01
5.259077004874938011e-01
5.291141753040349283e-01
5.317242556360903816e-01
5.341553373543723726e-01
5.368456861231059030e-01
5.394043946556914548e-01
5.423660507403813558e-01
5.454135940523100468e-01
5.481119696647067663e-01
5.500911400845153176e-01
5.522420849588079994e-01
5.547317626358592157e-01
5.573426456522821981e-01
5.596027556004473658e-01
5.624704976142287371e-01
5.651953618107341537e-01
5.673198181009191376e-01
5.700511037723515750e-01
5.726948968478174917e-01
5.756300643484061341e-01
5.783581392823695655e-01
5.811440074907410214e-01
5.841160984722009175e-01
5.867558781258301881e-01
5.891805383691735010e-01
5.915024550135740133e-01
5.942072521009116315e-01
5.968349914890379582e-01
5.993744355968280146e-01
6.018488622709080582e-01
6.045480405676708635e-01
6.067728324036988363e-01
6.095065261282391900e-01
6.122337983778408654e-01
6.152693014242672787e-01
6.178320233786871452e-01
6.199380179284382786e-01
6.230016149277045612e-01
6.253749033715787498e-01
6.284320788959101289e-01
6.310052357470996576e-01
6.331971175240889149e-01
6.362711494201170881e-01
6.385826311677590406e-01
6.415458926211785595e-01
6.441864749591743600e-01
6.464032399515385885e-01
6.490446249738950346e-01
6.517486193768609049e-01
6.541475937204723756e-01
6.562110459987913202e-01
6.586332981890349325e-01
6.615283314712858687e-01
6.644506560220049263e-01
6.671899685371018851e-01
6.703362420261345100e-01
6.731823115620183540e-01
6.759424938706549701e-01
6.793921820503132647e-01
6.820183160697113056e-01
6.846516742483996776e-01
6.873853679729334809e-01
6.902507019336178162e-01
6.927379715575675556e-01
6.956145430993807555e-01
6.980865617203627638e-01
6.999397106945980385e-01
7.026348755695296378e-01
7.059424886162734003e-01
7.079296858797505809e-01
7.107805715218336040e-01
7.130679727384673372e-01
7.159389254897134958e-01
7.187946272379923673e-01
7.215299263312644484e-01
7.240493033298807113e-01
7.267653379983458617e-01
7.295078612509151572e-01
7.321701160668180330e-01
7.345450098794238381e-01
7.369600379103676824e-01
7.397900537589118253e-01
7.421224053000857745e-01
7.446562306173039048e-01
7.475978195928163483e-01
7.499157228153852106e-01
7.530836687823291298e-01
7.559714779052746358e-01
7.588271796535519531e-01
7.614059552953098553e-01
7.640120222055378774e-01
7.672080621253072330e-01
7.699505853778743081e-01
7.728408025539200699e-01
7.754910171043211120e-01
7.782624369940915887e-01
7.804559241398192349e-01
7.835708929385502008e-01
7.860445169282673783e-01
7.885125221274171814e-01
7.910680199225367248e-01
7.934750211098116068e-01
7.958418880787511140e-01
7.984495603577161926e-01
8.013373694806628089e-01
8.044988939726643862e-01
8.067525824458963157e-01
8.092286144887141930e-01
8.116219700417584004e-01
8.144824878962338977e-01
8.169946407355489493e-01
8.200421840474746427e-01
8.226458429046076271e-01
8.256540546825621441e-01
8.278772411498578343e-01
8.311495360844682878e-01
8.341400888063582597e-01
8.374725850684727746e-01
8.410515054311692440e-01
8.438189118991065163e-01
8.468592310517398802e-01
8.494099127406614658e-01
8.524301647841188156e-01
8.550843927563466229e-01
8.578301267463829261e-01
8.612172055454394570e-01
8.642832105977956703e-01
8.675209901046342376e-01
8.709401762783577361e-01
8.735815613007238412e-01
8.775056359411176343e-01
8.801438102260096263e-01
8.827546932424350512e-01
8.856481211559509292e-01
8.887462335829772186e-01
8.911452079265820281e-01
8.941405767546699579e-01
8.968598221606083332e-01
9.005190109599804371e-01
9.034678240947908723e-01
9.067401190293933322e-01
9.096496006302450255e-01
9.126722607268139553e-01
9.159349234490001823e-01
9.192746438704080258e-01
9.223912180378703862e-01
9.258922780170019129e-01
9.293018319783287184e-01
9.322763310128671099e-01
9.357460863016883179e-01
9.392969127115458061e-01
9.426872022480660140e-01
9.462011051770635728e-01
9.493682484596243087e-01
9.529343258724495280e-01
9.564249509548021777e-01
9.597277478953580854e-01
9.633612507949866899e-01
9.665131430745773633e-01
9.698568769178184112e-01
9.733290402597448709e-01
9.770821431300362736e-01
9.803841373862017816e-01
9.839253315836605784e-01
9.872433795271696733e-01
9.907163455534595542e-01
9.938907129953322706e-01
9.973741139183806004e-01
1.001479595225652774e+00
1.004952561251938103e+00
1.008451213177968375e+00
1.012186656992186240e+00
1.016005579980526097e+00
1.019804435859698488e+00
1.023047031472732016e+00
1.026902877941964887e+00
1.030317248009478215e+00
1.034121722679222088e+00
1.038056232216375774e+00
1.041786859924395126e+00
1.045309592381427288e+00
1.049150187847663229e+00
1.052722686735424462e+00
1.056476592290074068e+00
1.060112503242822468e+00
1.063879251747319898e+00
1.067878778718180044e+00
1.071858238579876721e+00
1.075734954842642033e+00
1.079671069748519674e+00
1.083635278607244290e+00
1.087778486079753471e+00
1.091627911074050994e+00
1.095635464888573107e+00
1.099437531505217391e+00
1.103392910835909735e+00
1.107241533145839618e+00
1.111086142033913760e+00
1.115221322662751646e+00
1.119084393291270629e+00
1.123165794067552126e+00
1.127288131746518873e+00
1.131500370074561834e+00
1.135471803092583665e+00
1.139799627969454443e+00
1.143698819394462607e+00
1.147834802707667912e+00
1.151656133749114908e+00
1.155089768241442716e+00
1.157276833912237457e+00
1.161418436015998479e+00
1.165392277087120787e+00
1.169593277834031442e+00
1.173764579259392260e+00
1.177753671333478191e+00
1.181817413053668275e+00
1.186027243328610536e+00
1.190013124665259880e+00
1.194105763022652367e+00
1.197940739698333257e+00
1.202074314958434975e+00
1.206181401634448536e+00
1.210465078871128641e+00
1.214390758880257160e+00
1.218396707326053097e+00
1.222631420816372438e+00
1.226878977256556036e+00
1.231067135053592665e+00
1.235142917039295796e+00
1.239338298995642518e+00
1.243519232633395255e+00
1.247778026654706718e+00
1.252257558876869847e+00
1.256757158208209324e+00
1.261210201846279411e+00
1.265752343449042305e+00
1.270280036733208551e+00
1.274915289722527545e+00
1.279476695750105808e+00
1.283793283045823852e+00
1.288284052849120620e+00
1.292833418611191831e+00
1.297373152160880894e+00
1.302027669574989721e+00
1.306729545366732692e+00
1.311108742043058273e+00
1.315853160106254416e+00
1.320358378228167373e+00
1.324891690302892888e+00
1.329441858749336625e+00
1.333994435248875954e+00
1.338396107087468812e+00
1.342647676949484392e+00
1.347087877637680231e+00
1.351346671659001908e+00
1.355718644176035381e+00
1.360053693212197601e+00
1.364348608030010235e+00
1.368527133614655611e+00
1.372773080946542379e+00
