1.364937380075521708e-05
5.652431163980682627e-04
1.127271755762862017e-03
1.684484288927281387e-03
2.251329034492452127e-03
2.812554989490517396e-03
3.383413156889333601e-03
3.950257902454503908e-03
4.528340229153882124e-03
5.097593027819236587e-03
5.684504882552635953e-03
6.258573787418368270e-03
6.851104432718874843e-03
7.422765284484421702e-03
8.002452979917258624e-03
8.590167519017397751e-03
9.165841792616596581e-03
9.749542909883080269e-03
1.032682255221573260e-02
1.092256393498316352e-02
1.150305431478273500e-02
1.206668832288099354e-02
1.265600823071458617e-02
1.321964223881283949e-02
1.381217288411335127e-02
1.439105789517946925e-02
1.501569591514913954e-02
1.560742387608291676e-02
1.623286458041932681e-02
1.683021133192021818e-02
1.742916345215455784e-02
1.802891825675562165e-02
1.865034553925839014e-02
1.924287618455889845e-02
1.982497193309192343e-02
2.042954284389335989e-02
2.103571912342826200e-02
2.161861755632801460e-02
2.222399115149617521e-02
2.281571911242994202e-02
2.340824975773043298e-02
2.401843945909897318e-02
2.460856205129929170e-02
2.521714638393436972e-02
2.579522871063374620e-02
2.640140499016863790e-02
2.700597590097008130e-02
2.759288775570347893e-02
2.817418081986976242e-02
2.878035709940465411e-02
2.936646626977129984e-02
2.995578617760489767e-02
3.054269803233832306e-02
3.114245283693937646e-02
3.174782643210755789e-02
3.234918660544210817e-02
3.294573067257624416e-02
3.353745863351000750e-02
3.414764833487857199e-02
3.471369039607701684e-02
3.530461567264406297e-02
3.592042416457973814e-02
3.650091454437933564e-02
3.706133781501069063e-02
3.761935303254185931e-02
3.822392394334333393e-02
3.884454854147937480e-02
3.947560803638290594e-02
4.006974405041687642e-02
4.067752569868523377e-02
4.127567513455288051e-02
4.185777088308591937e-02
4.242060220681746069e-02
4.302758117071910082e-02
4.361529570981925036e-02
4.421826125188725587e-02
4.479473820985317711e-02
4.540412522685501745e-02
4.596535118185311741e-02
4.653861740235213512e-02
4.709663261988330379e-02
4.768675521208361884e-02
4.828249659485105844e-02
4.885496013098335893e-02
4.943785856388313582e-02
4.999908451888122884e-02
5.055067826147856269e-02
5.110146931970916545e-02
5.168035433077530078e-02
5.221910512350497885e-02
5.284374314347465434e-02
5.340336372973929213e-02
5.399348632193961411e-02
5.456675254243864570e-02
5.517292882197357556e-02
5.577589436404159495e-02
5.637163574680904843e-02
5.695052075787512824e-02
5.753101113767461472e-02
5.813076594227566118e-02
5.870403216277463726e-02
5.930298428300893182e-02
5.987384245040772851e-02
6.044229256470628336e-02
6.102840173507294297e-02
6.161691895853974033e-02
6.221185765694040720e-02
6.280278293350737007e-02
6.339852431627467089e-02
6.399185764594188253e-02
6.456191312897391343e-02
6.511109881847099157e-02
6.568195698586977438e-02
6.625682857510216406e-02
6.683972700800187849e-02
6.742021738780139273e-02
6.805207956707158556e-02
6.864782094983895577e-02
6.922991669837194606e-02
6.978873460026981113e-02
7.032026123369883308e-02
7.083412881105985437e-02
7.135200981025452416e-02
7.192447334638674139e-02
7.251058251675338018e-02
7.310070510895365359e-02
7.369885454482122400e-02
7.430663619308956747e-02
7.484378161708572785e-02
7.538574314728223313e-02
7.595098252411390527e-02
7.654672390688127548e-02
7.712480623358063114e-02
7.775586572848407207e-02
7.835963395491875316e-02
7.894494044091862617e-02
7.955272208918695576e-02
8.019662453395810797e-02
8.079316860109217457e-02
8.138650193075934458e-02
8.199508626339439832e-02
8.259805180546234138e-02
8.319539855696321540e-02
8.374378156209355550e-02
8.432667999499325606e-02
8.493205359016135769e-02
8.553261107912911443e-02
8.612835246189645688e-02
8.672409384466384097e-02
8.729174127459568555e-02
8.785778333579408184e-02
8.846315693096222510e-02
8.907174126359725108e-02
8.966908801509804183e-02
9.031299045986913854e-02
9.091515331757032969e-02
9.148922222243600910e-02
9.210181997690466971e-02
9.274010363110868349e-02
9.333183159204241908e-02
9.396369377131259804e-02
9.455782978534646444e-02
9.513671479641248874e-02
9.575091791961462540e-02
9.632900024631393943e-02
9.689343693877885966e-02
9.742817430967484760e-02
9.800224321454052701e-02
9.860922217844207693e-02
9.920255550810927470e-02
9.979829689087668654e-02
1.003884194830769599e-01
1.009504481224417216e-01
1.015461895052091057e-01
1.021563792065775661e-01
1.027818199109138825e-01
1.033896015591821704e-01
1.039917644168834032e-01
1.046131916993860711e-01
1.052482646161231744e-01
1.058399925770569378e-01
1.065063701840965188e-01
1.071037169355973373e-01
1.077460140116349718e-01
1.083208856008674309e-01
1.089415101990034024e-01
1.095677535877064707e-01
1.101988130826099116e-01
1.108154242589122346e-01
1.114135736947798327e-01
1.120237633961483209e-01
1.125857920355131797e-01
1.131967844212485308e-01
1.137636291668135680e-01
1.143978993991841553e-01
1.150377884221217978e-01
1.157041660291613094e-01
1.163649248456339880e-01
1.170040111842047814e-01
1.176479136289758642e-01
1.182773677551461067e-01
1.189044138282160379e-01
1.195555404322877213e-01
1.202154965643936341e-01
1.208449506905637516e-01
1.214671806574330881e-01
1.221287421582724075e-01
1.227004030100379561e-01
1.232865121804045672e-01
1.238517515572363503e-01
1.244924432645407586e-01
1.250970141753421361e-01
1.256887421362759549e-01
1.263350526341473767e-01
1.269468477042493271e-01
1.275498132463174783e-01
1.281672271069865254e-01
1.287637711741207724e-01
1.293563018194213154e-01
1.299327787773872367e-01
1.304940047323852881e-01
1.310889434307860313e-01
1.316501693857840827e-01
1.321744718599126844e-01
1.327533568709787781e-01
1.333169908790770575e-01
1.339544718489143471e-01
1.344715501637423205e-01
1.350416056467744486e-01
1.356212933422073497e-01
1.361849273503056290e-01
1.367814714174396817e-01
1.373579483754057418e-01
1.379408468083055117e-01
1.385092969226041359e-01
1.390761416681693119e-01
1.396526186261352886e-01
1.402162526342336790e-01
1.408272450199690717e-01
1.413997085561013445e-01
1.420042794669029440e-01
1.425791510561354447e-01
1.431548253297347251e-01
1.437529747656024204e-01
1.443439000421694873e-01
1.449524843748045688e-01
1.455594633387063686e-01
1.461247027155380684e-01
1.467092065171712867e-01
1.472599975754019797e-01
1.478412906395682458e-01
1.484306105474018922e-01
1.490263519301693318e-01
1.495867752008007423e-01
1.501857273210349675e-01
1.508087599722712502e-01
1.513796181396700191e-01
1.519304091979006288e-01
1.525084915245999984e-01
1.530568745297304356e-01
1.535715447914581533e-01
1.541167170591216107e-01
1.547148664949892505e-01
1.552447877596848658e-01
1.558300942456848637e-01
1.563560020885468027e-01
1.568795018783086803e-01
1.574134365648379164e-01
1.579521873575676083e-01
1.585013730470647697e-01
1.590224647837263361e-01
1.595555967858887925e-01
1.601079932128529337e-01
1.606772460115181433e-01
1.612296424384822568e-01
1.617643798093783003e-01
1.622806554398394108e-01
1.628820156131740027e-01
1.634713355210075658e-01
1.640413910040397494e-01
1.645865632717033455e-01
1.651060496396314914e-01
1.656247333231928021e-01
1.661891700156578611e-01
1.667415664426219191e-01
1.672522232825161825e-01
1.678134492375141507e-01
1.683851100892797548e-01
1.689415199380776000e-01
1.694947190494082434e-01
1.700744067448410890e-01
1.705834582160017654e-01
1.711053526370301392e-01
1.716071799488902705e-01
1.721804461693892674e-01
1.726646144251813286e-01
1.731977464273439515e-01
1.737332864826066359e-01
1.742648131160356717e-01
1.747674431122624716e-01
1.753102073268256178e-01
1.758353124853208327e-01
1.763692471718502075e-01
1.768710744837102278e-01
1.773777179017708150e-01
1.779084418508330434e-01
1.784367577467952104e-01
1.788783837311505587e-01
1.793858298335777035e-01
1.798964866734718282e-01
1.803951032478648964e-01
1.809121815626929253e-01
1.814107981370859934e-01
1.819599838265831548e-01
1.824329145012409670e-01
1.829588223441029893e-01
1.834614523403296504e-01
1.839793333395243202e-01
1.844795552826510865e-01
1.850199114441141435e-01
1.855361870745753095e-01
1.860123284867001570e-01
1.864964967424921072e-01
1.870167857947870882e-01
1.874744654664769472e-01
1.879353558756338693e-01
1.884540395591952633e-01
1.889205487589192267e-01
1.894416404955808486e-01
1.899442704918076208e-01
1.904300441163329638e-01
1.909230419001591572e-01
1.914240665276524533e-01
1.919178669958452321e-01
1.923819681424689954e-01
1.928829927699623747e-01
1.934064925597241136e-01
1.938826339718489056e-01
1.943692102807410838e-01
1.948397329022987234e-01
1.953222957893574474e-01
1.957647244580794921e-01
1.962103638642685166e-01
1.967226260728961729e-01
1.971698708478185624e-01
1.976428015224764856e-01
1.981518529936371897e-01
1.986328105119621878e-01
1.990985170273197602e-01
1.996115819203139741e-01
2.001110011790738774e-01
2.006353036532023126e-01
2.010969967467259867e-01
2.015819676868847721e-01
2.021086782141134630e-01
2.025880303637051794e-01
2.031524670561700996e-01
2.035997118310926279e-01
2.041119740397202842e-01
2.045808912925444478e-01
2.050289387518337281e-01
2.055131070076259003e-01
2.059860376822837402e-01
2.064661925162421530e-01
2.068853433383291140e-01
2.073775384377884168e-01
2.078512717968130086e-01
2.082937004655352753e-01
2.087578016121590108e-01
2.092869201924878741e-01
2.096707529024387506e-01
2.101781990048661175e-01
2.106238384110550865e-01
2.110919529795125538e-01
2.116451520908433637e-01
2.120771458627981054e-01
2.125709463309908565e-01
2.131121051768208041e-01
2.135208211021406566e-01
2.140017786204655437e-01
2.144434046048209752e-01
2.150511862530893326e-01
2.155714753053842858e-01
2.160235361865072423e-01
2.164884400174978962e-01
2.169308686862199131e-01
2.173957725172105115e-01
2.178895729854034569e-01
2.183095264918571976e-01
2.188089457506170732e-01
2.193003381657097073e-01
2.197323319376644768e-01
2.202293431433242354e-01
2.207672912516871200e-01
2.213662433719214007e-01
2.217853941940086393e-01
2.223795302080425751e-01
2.228813575199027064e-01
2.233880009379631826e-01
2.238240081317514341e-01
2.243346649716454755e-01
2.248437164428062351e-01
2.254113638727376634e-01
2.258778730724617101e-01
2.264760225083297940e-01
2.269738363983557217e-01
2.274250945951123426e-01
2.279349487506396044e-01
2.284608565935014324e-01
2.289859617519968971e-01
2.295383581789607053e-01
2.301244673493273996e-01
2.306640208264241487e-01
2.312340763094558882e-01
2.318225935329230880e-01
2.322778651515135517e-01
2.328398937908777167e-01
2.333617882119068121e-01
2.340080987097774567e-01
2.345749434553426049e-01
2.352405183780160447e-01
2.357913094362462936e-01
2.363396924413773414e-01
2.368495465969041591e-01
2.373080289529606590e-01
2.378138696866544943e-01
2.383951627508213156e-01
2.389788638680872546e-01
2.394686509144471065e-01
2.398942232114678053e-01
2.403053471898869975e-01
2.408465060357167786e-01
2.414133507812826762e-01
2.419215995680763232e-01
2.424330590923370610e-01
2.430151548408706896e-01
2.433733016510859493e-01
2.440581409985599359e-01
2.445471253605526196e-01
2.450746385721482290e-01
2.456559316363139955e-01
2.461970904821447759e-01
2.468088855522458935e-01
2.473131209172061973e-01
2.478382260757014399e-01
2.483432641250286066e-01
2.488804095490246560e-01
2.494207657104887121e-01
2.499266064441816870e-01
2.504460928121097218e-01
2.510241751388090359e-01
2.516030601498754904e-01
2.521289679927369853e-01
2.525946745080945854e-01
2.532682762744344895e-01
2.537034807838556838e-01
2.541354745558102590e-01
2.546405126051372036e-01
2.552876257873754606e-01
2.558392195299724614e-01
2.563177689951980920e-01
2.568822056876627902e-01
2.574209564803919825e-01
2.579428509014202731e-01
2.585056822251524111e-01
2.590741323394505913e-01
2.595382334860743545e-01
2.602030057243812644e-01
2.607385457796436712e-01
2.612716777818058778e-01
2.617983883090346242e-01
2.623828921106685641e-01
2.628237154106567441e-01
2.634379185338588947e-01
2.641187444595000655e-01
2.645844509748569440e-01
2.651585198797225540e-01
2.657566693155899995e-01
2.662713395773182445e-01
2.668558433789509077e-01
2.673143257350077406e-01
2.679261208051103016e-01
2.684456071730380033e-01
2.691095767269771621e-01
2.697518738030149077e-01
2.703813279291853999e-01
2.708349941790415549e-01
2.714467892491433387e-01
2.719975803073753085e-01
2.725877028995752349e-01
2.730550147836654507e-01
2.737189843376049425e-01
2.742400760742664256e-01
2.748326067195674405e-01
2.753745682497634739e-01
2.759775337918315974e-01
2.766190281835032572e-01
2.772284152005044522e-01
2.777848250493017979e-01
2.783685261665680977e-01
2.790100168186732121e-01
