3.352459140569989671e-02
3.292391296986400123e-02
3.236440489669332315e-02
3.183148404871070924e-02
3.131820770197765030e-02
3.082002115506835699e-02
3.033486735259029177e-02
2.986141365304331025e-02
2.939844128268655557e-02
2.894562644646992908e-02
2.850189819299082938e-02
2.806746816532689273e-02
2.764146801510228638e-02
2.722366708413330449e-02
2.681381011596258718e-02
2.641169958566266102e-02
2.601677257816471800e-02
2.562886662489754705e-02
2.524767852780224198e-02
2.487328801222481525e-02
2.450555568073952556e-02
2.414436932225953389e-02
2.378963437463770328e-02
2.344029386736096177e-02
2.309678851847081146e-02
2.275906392261512964e-02
2.242653088895135358e-02
2.209928879126268550e-02
2.177690337270087734e-02
2.146008023905024084e-02
2.114883642375348788e-02
2.084300461089060724e-02
2.054190244506018739e-02
2.024538641973725947e-02
1.995348539912462568e-02
1.966628944519149477e-02
1.938338765668320626e-02
1.910484649494252965e-02
1.883066350356266822e-02
1.856059990461738848e-02
1.829458444787052801e-02
1.803237361207625511e-02
1.777392771634382640e-02
1.751921080120475219e-02
1.726835937452477973e-02
1.702150023892697386e-02
1.677835610279001036e-02
1.653879395031125979e-02
1.630301280607171846e-02
1.607095031610916019e-02
1.584230447413792833e-02
1.561684992174521523e-02
1.539487112995107342e-02
1.517632211443709599e-02
1.496140059713500607e-02
1.474971514422113855e-02
1.454116395039124071e-02
1.433561343720500883e-02
1.413300492112180146e-02
1.393329529692047784e-02
1.373635042192924982e-02
1.354239310540834330e-02
1.335140684991376753e-02
1.316296522887989810e-02
1.297699266771399837e-02
1.279373794166908072e-02
1.261350518860133996e-02
1.243616436546125283e-02
1.226183912612111536e-02
1.209048459182601905e-02
1.192164943701481267e-02
1.175540763231413752e-02
1.159167901738675233e-02
1.143043092848431384e-02
1.127165957315381592e-02
1.111526119070409616e-02
1.096121842170167532e-02
1.080955113092552621e-02
1.066030354342071586e-02
1.051322323733191837e-02
1.036822273376596971e-02
1.022515648746894629e-02
1.008409585702099535e-02
9.944937119868898709e-03
9.807761113105451997e-03
9.672511067581081312e-03
9.539075001583897234e-03
9.407435331867929421e-03
9.277549232820831576e-03
9.149493233464100345e-03
9.023445856211214505e-03
8.899512433357356991e-03
8.777409923136246170e-03
8.657157198047866695e-03
8.538833563510872526e-03
8.422235019928624861e-03
8.307339971877682888e-03
8.194106742027347165e-03
8.082469963360892906e-03
7.972573680639106000e-03
7.864369260943979492e-03
7.757864925205366913e-03
7.653150048740518623e-03
7.549981366300462064e-03
7.448375383249655236e-03
7.348416776404561278e-03
7.249969374601776019e-03
7.152885554020492996e-03
7.057273349669676218e-03
6.963218779695108142e-03
6.870479706860215842e-03
6.779001362287896508e-03
6.688768131465181073e-03
6.599787467234058055e-03
6.512078380474871364e-03
6.425858831146557398e-03
6.341036341586839091e-03
6.257523866170546824e-03
6.175139735769030400e-03
6.093900196430139700e-03
6.013803226524941023e-03
5.934756680498124229e-03
5.856808426209644640e-03
5.780039721576857130e-03
5.704469288366605106e-03
5.630054633070776145e-03
5.556756590543323812e-03
5.484609693670349992e-03
5.413557506333223877e-03
5.343494599142088221e-03
5.274423689399581998e-03
5.206328631325891389e-03
5.139270381908541720e-03
5.073306327444707282e-03
5.008396197212335033e-03
4.944496308585867410e-03
4.881562065189436195e-03
4.819569006821305783e-03
4.758610378751555216e-03
4.698519162067291838e-03
4.639300576673074591e-03
4.580933700729131544e-03
4.523373183963291452e-03
4.466572113170952894e-03
4.410511045125521147e-03
4.355173183616455751e-03
4.300595214051114445e-03
4.246740758372638709e-03
4.193616354313445607e-03
4.141219752224736296e-03
4.089521802703649685e-03
4.038509322474089988e-03
3.988195614800738031e-03
3.938549860914870165e-03
3.889577953565155188e-03
3.841284294657631992e-03
3.793671958772005127e-03
3.746692292987402820e-03
3.700299757792062383e-03
3.654511368570842293e-03
3.609363647559291326e-03
3.564835270363879427e-03
3.520886209482607890e-03
3.477525803086411148e-03
3.434758987491138768e-03
3.392589781059723083e-03
3.350947047476196539e-03
3.309809247301660848e-03
3.269208040688680733e-03
3.229163126314650318e-03
3.189674053847461627e-03
3.150699520778710815e-03
3.112241348882521363e-03
3.074338531267286484e-03
3.036950383584114191e-03
3.000077910594420479e-03
2.963716399900992449e-03
2.927815772433589592e-03
2.892422602566769013e-03
2.857580724076480387e-03
2.823256661356307075e-03
2.789409134082414948e-03
2.756022186311311763e-03
2.723105987525419915e-03
2.690622650233402864e-03
2.658614078122958739e-03
2.627077747259383509e-03
2.595958679925003225e-03
2.565239948633832052e-03
2.534903453045472474e-03
2.504969154255923258e-03
2.475418296708280837e-03
2.446271875782965108e-03
2.417512155787239578e-03
2.389178416315462621e-03
2.361237370805928468e-03
2.333679704146615977e-03
2.306504211558195027e-03
2.279743263181981290e-03
2.253369417043644268e-03
2.227360019277755017e-03
2.201697850476525865e-03
2.176376341613502075e-03
2.151399319105768738e-03
2.126739093034688347e-03
2.102409965614786009e-03
2.078401040889269087e-03
2.054707178006426240e-03
2.031323940382625311e-03
2.008243738285271727e-03
1.985463872221439417e-03
1.962966251475067349e-03
1.940754833963471244e-03
1.918826521628120034e-03
1.897197018710588623e-03
1.875856167347104454e-03
1.854790658317505368e-03
1.833997399910736658e-03
1.813465334028381776e-03
1.793190029269508753e-03
1.773159313669316929e-03
1.753374170879870401e-03
1.733841072272939874e-03
1.714539395804596297e-03
1.695482412414208362e-03
1.676664610640903096e-03
1.658082779902864254e-03
1.639743015590211994e-03
1.621619188038590917e-03
1.603728217870154654e-03
1.586061552041136699e-03
1.568613455265548519e-03
1.551391478111708265e-03
1.534403057638984236e-03
1.517654442456014977e-03
1.501127105960700604e-03
1.484812560160105000e-03
1.468701078041214324e-03
1.452810048967669238e-03
1.437143157168903210e-03
1.421669030751715164e-03
1.406408634677309456e-03
1.391346626383915342e-03
1.376493935565934520e-03
1.361844403280343873e-03
1.347394472235831624e-03
1.333142746917320579e-03
1.319085017217099497e-03
1.305210593706628138e-03
1.291528185969103085e-03
1.278041749014734510e-03
1.264761273838186815e-03
1.251666674537690914e-03
1.238755124346125648e-03
1.226047696312538736e-03
1.213530136181447186e-03
1.201209778002768069e-03
1.189062922570561891e-03
1.177094157211399988e-03
1.165294382879659280e-03
1.153656274133870851e-03
1.142172627843379825e-03
1.130852824918971138e-03
1.119685520709660324e-03
1.108683044711633115e-03
1.097846808745263011e-03
1.087161278097324582e-03
1.076613781087886346e-03
1.066204922066789091e-03
1.055940577753478743e-03
1.045821320817452845e-03
1.035836231010947399e-03
1.025992252320728640e-03
1.016309472033886984e-03
1.006774777202265212e-03
9.973897899042830431e-04
9.881389778740893789e-04
9.790235471611140328e-04
9.700525492376618633e-04
9.612215622692459787e-04
9.525263400132386819e-04
9.439604298573559633e-04
9.355159032740283185e-04
9.271958313591885381e-04
9.190007077826343714e-04
9.109339363824282484e-04
9.029760726120522173e-04
8.951381001895987715e-04
8.874228889183599428e-04
8.798211958740167994e-04
8.723292567493774307e-04
8.649453199607985178e-04
8.576655298625704546e-04
8.504881382066386717e-04
8.434260800247055968e-04
8.364682293316039879e-04
8.296065068297751822e-04
8.228439587723626863e-04
8.161889750436508804e-04
8.096280337127119376e-04
8.031643612142362392e-04
7.967984187053614355e-04
7.905247696499881870e-04
7.843416941542483275e-04
7.782477768609708749e-04
7.722418047920154814e-04
7.663197615657841829e-04
7.604809000805374565e-04
7.547289513611400149e-04
7.490620356488077907e-04
7.434803511215611104e-04
7.379768536943476318e-04
7.325545252796270392e-04
7.272163085071483603e-04
7.219561008289672975e-04
7.167775879691473673e-04
7.116799005592691933e-04
7.066637740860816450e-04
7.017303602946661908e-04
6.968790943728991102e-04
6.920995745781140934e-04
6.873904536464077279e-04
6.827501389948629085e-04
6.781839832662833441e-04
6.736919324634992349e-04
6.692657305002623278e-04
6.649095304695351464e-04
6.606277527583790700e-04
6.564209959025470685e-04
6.522852548377192387e-04
6.482161510995194682e-04
6.442149349823809556e-04
6.402764397624308504e-04
6.363992009646159912e-04
6.325921870036360639e-04
6.288457370599799447e-04
6.251611101943968475e-04
6.215384606503787743e-04
6.179789580454440141e-04
6.144818561395800748e-04
6.110423223556878331e-04
6.076583441176528454e-04
6.043275591238998377e-04
6.010537111344515029e-04
5.978312578865789019e-04
5.946654217442564607e-04
5.915578126357602662e-04
5.885011838871848392e-04
5.854993804081717185e-04
5.825560575847953549e-04
5.796639489792810174e-04
5.768223017564088695e-04
5.740306678376137740e-04
5.712910389745164607e-04
5.685960671142882908e-04
5.659494299470720297e-04
5.633435905475555217e-04
5.607836112965144124e-04
5.582620991130363705e-04
5.557783801279760159e-04
5.533396205024520686e-04
5.509337236675667130e-04
5.485550914405257737e-04
5.462168490378787157e-04
5.439134645882135301e-04
5.416416538480102807e-04
5.394065347415617729e-04
5.372059771299421893e-04
5.350384121730213495e-04
5.329040859742440600e-04
5.308012191800680997e-04
5.287303238494123897e-04
5.266907049892265158e-04
5.246791390686261986e-04
5.226991030998160695e-04
5.207503652347011524e-04
5.188303939585163808e-04
5.169463721126192624e-04
5.150943748254877171e-04
5.132724864476402539e-04
5.114740208267416332e-04
5.097051748391307488e-04
5.079638746502960394e-04
5.062500876064190535e-04
5.045602265818454430e-04
5.029002443267651182e-04
5.012660679175856126e-04
4.996531728767703755e-04
4.980639643320309813e-04
4.964962799222407937e-04
4.949549449997220612e-04
4.934394222206471472e-04
4.919491997407285030e-04
4.904769183370660032e-04
4.890278296439392203e-04
4.876063785802283845e-04
4.862015536388964625e-04
4.848216178856061499e-04
4.834618212667602982e-04
4.821252033308434507e-04
4.808055569058797035e-04
4.795079603300826557e-04
4.782290789338474596e-04
4.769697335347828759e-04
4.757257233602630491e-04
4.745002864115243127e-04
4.732970040796499940e-04
4.721130017647009319e-04
4.709433879748889580e-04
4.697964255403295087e-04
4.686645135157647252e-04
4.675491655575539319e-04
4.664519627753278288e-04
4.653723924007547143e-04
4.643092813996975866e-04
4.632645678698301133e-04
4.622331541692854557e-04
4.612183753809314182e-04
4.602149569613065523e-04
4.592260265387994485e-04
4.582544673613771994e-04
4.572978970901616052e-04
4.563570846709470740e-04
4.554296801822145676e-04
4.545146416698495713e-04
4.536097578101592424e-04
4.527149393678620904e-04
4.518315746740166842e-04
4.509611177947833076e-04
4.501018241920777107e-04
4.492540995992599972e-04
4.484186911536147159e-04
4.475910293274851064e-04
4.467757496537312395e-04
4.459716220196300067e-04
4.451757116054196831e-04
4.443946603417001312e-04
4.436163193896614496e-04
4.428539783048254927e-04
4.421023864955460608e-04
4.413571097525858947e-04
4.406225048876553354e-04
4.398993966777222969e-04
4.391837317568248931e-04
4.384773263090465116e-04
4.377796817476427250e-04
4.370899044489056241e-04
4.364079888619224520e-04
4.357346342973663256e-04
4.350693913865334305e-04
4.344126042026969490e-04
4.337636265137741155e-04
4.331226387972287413e-04
4.324901055558229269e-04
4.318635230292033303e-04
4.312476204015749481e-04
4.306387464484421799e-04
4.300339946012314194e-04
4.294383609111907213e-04
4.288468576462905546e-04
4.282658926335122926e-04
4.276886912197807558e-04
4.271193226338163115e-04
4.265550847922495678e-04
4.259957989466283952e-04
4.254439030367043457e-04
4.248983993734939076e-04
4.243569935371902641e-04
4.238248652586654435e-04
4.232980705563352546e-04
4.227789413977879130e-04
4.222608319138724110e-04
4.217534813739140086e-04
4.212480256735789746e-04
4.207492808135937794e-04
4.202577374886598744e-04
4.197703323319778830e-04
4.192877655204269548e-04
4.188114323494244898e-04
4.183389867141783323e-04
4.178746475600878451e-04
4.174132844883324104e-04
4.169585919521888060e-04
4.165075888026242672e-04
4.160619574922814925e-04
4.156222645700137237e-04
4.151904814561906305e-04
4.147605969518790075e-04
4.143364411321599468e-04
4.139162979637803436e-04
4.135027508267372087e-04
4.130892496739512203e-04
4.126834635856395004e-04
4.122822782395629349e-04
4.118840903344743866e-04
4.114911451342070014e-04
4.111026388808259506e-04
4.107181900577701068e-04
4.103393634046996865e-04
4.099639333877346751e-04
4.096021970831337884e-04
