3.352459140569989671e-02
3.147057201642200486e-02
2.967504995532848494e-02
2.802443541598114221e-02
2.649147294364427932e-02
2.505967794901877571e-02
2.371933670991472828e-02
2.245952749912837401e-02
2.127260777767537095e-02
2.015732496225961998e-02
1.910484649494252965e-02
1.811066166105496436e-02
1.716912140787541993e-02
1.627963940206412011e-02
1.543899273168011267e-02
1.464506346538974567e-02
1.389367334836374979e-02
1.318170483946518035e-02
1.250673330579526142e-02
1.187149765101847346e-02
1.127165957315380725e-02
1.070484775953902713e-02
1.016850067611903968e-02
9.659087047435692755e-03
9.174955713044923716e-03
8.717038011112867441e-03
8.284567528862255698e-03
7.875119757426361083e-03
7.488827349782100837e-03
7.124035673734703360e-03
6.779001362287896508e-03
6.451575240887992904e-03
6.142498248847215979e-03
5.849075580760134015e-03
5.571321958392179592e-03
5.308837178278410542e-03
5.060239023881449999e-03
4.825722095025894443e-03
4.604179377506108749e-03
4.393826547374824268e-03
4.193616354313443872e-03
4.003218181995052069e-03
3.822160609707591500e-03
3.649967417277168169e-03
3.486151562105732453e-03
3.330313324156529420e-03
3.181843114919927044e-03
3.040664982921179125e-03
2.906515569915939668e-03
2.779342596408153516e-03
2.658614078122957438e-03
2.543964758805989518e-03
2.434720710063148497e-03
2.330944911435334915e-03
2.232532073328172273e-03
2.139028700507715486e-03
2.050007495413879582e-03
1.965201474443224912e-03
1.884359046634715568e-03
1.807356725016507530e-03
1.733841072272938573e-03
1.663630221104580318e-03
1.596637543923693555e-03
1.532718440054849302e-03
1.471905491626528681e-03
1.414011576872434544e-03
1.358937963608620580e-03
1.306588700761059877e-03
1.256882677570882395e-03
1.209816401568893432e-03
1.165294382879657328e-03
1.123019060994912954e-03
1.082926967391762514e-03
1.044816289930326119e-03
1.008669806615392550e-03
9.745204680957276393e-04
9.422624725063962316e-04
9.117355798997309885e-04
8.828486881864169118e-04
8.555010091489808829e-04
8.296065068297730138e-04
8.050928325861001975e-04
7.818941363120273042e-04
7.599018111868166125e-04
7.390715123441128805e-04
7.193561938237614996e-04
7.007529985951057097e-04
6.832113762285718173e-04
6.666432583423640692e-04
6.510577658188130114e-04
6.363992009646136060e-04
6.226184762953169017e-04
6.096824661328600209e-04
5.975120268989454406e-04
5.860953980641920875e-04
5.754203177703646989e-04
5.654252835333364998e-04
5.560248511423253629e-04
5.471485358517627151e-04
5.387428362406476235e-04
5.308012191800659313e-04
5.232898071692703573e-04
5.162017869251571845e-04
5.095298579784789464e-04
5.032298471952895104e-04
4.972766232768720089e-04
4.916504013223501864e-04
4.863406115124201644e-04
4.813296616928413739e-04
4.765957951519915188e-04
4.721130017646989804e-04
4.678809784609334237e-04
4.638891220601923469e-04
4.601158749325926661e-04
4.565435743666187290e-04
4.531633687201879791e-04
4.499297269654874360e-04
4.468568162766455389e-04
4.439262673615761612e-04
4.411367057300880968e-04
4.384773263090441806e-04
4.359352588110665784e-04
4.335051392927129340e-04
4.311866090295656722e-04
4.289644796895934883e-04
4.268364318849857727e-04
4.247893246713669007e-04
4.228305761131711821e-04
4.209488365103400908e-04
4.191451376303851695e-04
4.174132844883302962e-04
4.157546545722295940e-04
4.141679843095262548e-04
4.126430945252114154e-04
4.111810200097512809e-04
4.097775952573003231e-04
4.084359490910649234e-04
4.071510964636762585e-04
4.059178847911997759e-04
4.047335401624484641e-04
4.035920517659991828e-04
4.024860942981626165e-04
4.014214728313482438e-04
4.003908652836278234e-04
3.993957929563628781e-04
3.984345523233955434e-04
3.975044922300090527e-04
3.966104522257694041e-04
3.957447005014310152e-04
3.949106296283894091e-04
3.941037449987096729e-04
3.933185789508320766e-04
3.925621487852563592e-04
3.918286230059491197e-04
3.911182443689273066e-04
3.904326232919498097e-04
3.897672589126881205e-04
3.891244327668838218e-04
3.885049747229074959e-04
3.879025711395114179e-04
3.873194074458978313e-04
3.867490754468912812e-04
3.862029743794582353e-04
3.856683225084993794e-04
3.851522708895076448e-04
3.846470213726534354e-04
3.841616059497405763e-04
3.836888563670748853e-04
3.832322724589292307e-04
3.827846006273991617e-04
3.823499045968954723e-04
3.819251843517620731e-04
3.815153749575707115e-04
3.811227973899688473e-04
3.807321122171546221e-04
3.803526861579972621e-04
3.799819351489075762e-04
3.796166278517811910e-04
3.792596130108394727e-04
3.789162000058353278e-04
3.785769089969926284e-04
3.782480122715239945e-04
3.779226841276510048e-04
3.776020913826365322e-04
3.772907281697705350e-04
3.769893341910427235e-04
3.766937628314046991e-04
3.764093726856445189e-04
3.761204332896256114e-04
3.758488819111207614e-04
3.755823475958445330e-04
3.753118165661779274e-04
3.750501653710057708e-04
3.747977453256869204e-04
3.745458085452185162e-04
3.743060948531070080e-04
3.740668079186410520e-04
3.738379346541334048e-04
3.736052294431877548e-04
3.733808593020592295e-04
3.731616171933114872e-04
3.729488604491614737e-04
3.727389626014526031e-04
3.725312899601280667e-04
3.723278035342834241e-04
3.721277913594107098e-04
3.719375098854304541e-04
3.717383572398796432e-04
3.715551977849836248e-04
3.713726638122556733e-04
3.711919907064408657e-04
3.710215690482609563e-04
3.708477362062275406e-04
3.706842201129265601e-04
3.705160315371314010e-04
3.703545243278989004e-04
3.701953862702069302e-04
3.700441095590496408e-04
3.698936058469121254e-04
3.697462704336739424e-04
3.696021790546641242e-04
3.694512288498975525e-04
3.693082407314560319e-04
3.691753816835541355e-04
3.690431386751041659e-04
3.689130905897168903e-04
3.687822531343902467e-04
3.686589462564749298e-04
3.685362175792774946e-04
3.684135024840577786e-04
3.682975925860383051e-04
3.681816479647621182e-04
3.680727877460562066e-04
3.679540474018106475e-04
3.678414349377063380e-04
3.677344998438272848e-04
3.676244210390629242e-04
3.675205027753342558e-04
3.674207719272174887e-04
3.673163741813762775e-04
3.672144331585247665e-04
3.671180222089257699e-04
3.670143344906623070e-04
3.669217366694237916e-04
3.668297393496632464e-04
3.667349505993947349e-04
3.666467144198836433e-04
3.665581150607705456e-04
3.664692457774198098e-04
3.663841963895017552e-04
3.663046163804847604e-04
3.662257849660186968e-04
3.661460397271647823e-04
3.660653101332935573e-04
3.659898151542498139e-04
3.659117426690506204e-04
3.658339229591277774e-04
3.657611674462976962e-04
3.656884470263670672e-04
3.656186677941384634e-04
3.655484044155539870e-04
3.654801469447789401e-04
3.654081433675927630e-04
3.653402724014816563e-04
3.652760874220083707e-04
3.652135645819397673e-04
3.651502914420241721e-04
3.650889225131018906e-04
3.650280531598030457e-04
3.649693942678113056e-04
3.649106299914761696e-04
3.648521841035518845e-04
3.647973752097430876e-04
3.647388292859004514e-04
3.646822495429764680e-04
3.646272426408544206e-04
3.645744879629992676e-04
3.645251710314293455e-04
3.644713714401609105e-04
3.644211878462470474e-04
3.643672552383916095e-04
3.643180321244126447e-04
3.642725907050307454e-04
3.642242759825042257e-04
3.641803336374660970e-04
3.641319334421364799e-04
3.640854951740780596e-04
3.640411974630944391e-04
3.639977692173364926e-04
3.639561925148374825e-04
3.639154421818698699e-04
3.638758243302907085e-04
3.638360425367159344e-04
3.637907236049737494e-04
3.637493123744825257e-04
3.637118651378837644e-04
3.636722069822521356e-04
3.636340808778259701e-04
3.635985469996452020e-04
3.635586318993321128e-04
3.635249388989703957e-04
3.634911334230688917e-04
3.634562258456975150e-04
3.634225168844802223e-04
3.633902702464231692e-04
3.633555696636406882e-04
3.633232761185254821e-04
3.632939614819985573e-04
3.632618456502033767e-04
3.632303206500020780e-04
3.632020958339351037e-04
3.631700480289462791e-04
3.631419309809463445e-04
3.631116256553597690e-04
3.630831218445373281e-04
3.630553544460633059e-04
3.630290674790759937e-04
3.630016662782544683e-04
3.629742821131876399e-04
3.629482789712638229e-04
3.629241955310804593e-04
3.628996071517525085e-04
3.628744451709505674e-04
3.628509089519352140e-04
3.628273465365475865e-04
3.628041279607344474e-04
3.627830032689433157e-04
3.627586550863099303e-04
3.627358121591781146e-04
3.627151546461306986e-04
3.626936926208819043e-04
3.626733997425662936e-04
3.626492730564193708e-04
3.626294572151254609e-04
3.626097365605511686e-04
3.625898089612842657e-04
3.625700764479547846e-04
3.625529605923530916e-04
3.625331092406427428e-04
3.625156701843842738e-04
3.624981432223511315e-04
3.624804260222456239e-04
3.624632732503620504e-04
3.624474752581203552e-04
3.624306720091066843e-04
3.624139454984829614e-04
3.623965807325372178e-04
3.623817899085638502e-04
3.623661542715938513e-04
3.623513255136361338e-04
3.623340327389565287e-04
3.623196210763819452e-04
3.623041223734156874e-04
3.622900827483224381e-04
3.622758700585312539e-04
3.622631626493271503e-04
3.622479069178456213e-04
3.622355933470270328e-04
3.622203992879824094e-04
3.622065341206377547e-04
3.621941480192734692e-04
3.621809473882356563e-04
3.621695474037452383e-04
3.621574386728900548e-04
3.621457266820184563e-04
3.621340703273393424e-04
3.621206372349433157e-04
3.621100792554243948e-04
3.620991322467604213e-04
3.620871848753902020e-04
3.620779378139488765e-04
3.620671201948123157e-04
3.620581370480078793e-04
3.620493623144036065e-04
3.620390589913490042e-04
3.620287994930929012e-04
3.620201458116815291e-04
3.620122691820387901e-04
3.620040196990664057e-04
3.619947692864424133e-04
3.619862113961402981e-04
3.619784479298457174e-04
3.619697061031890107e-04
3.619612386441367321e-04
3.619529595123768535e-04
3.619456477072386107e-04
3.619387127742005727e-04
3.619313754613042063e-04
3.619243805293524533e-04
3.619176196892426398e-04
3.619111545707466896e-04
3.619044212826367829e-04
3.618978069968669222e-04
3.618914016377891433e-04
3.618858418958376534e-04
3.618785303520687330e-04
3.618734192357643455e-04
3.618677666066149766e-04
3.618616041960788531e-04
3.618564986041696431e-04
3.618505669002824543e-04
3.618452727585306757e-04
3.618402579660300392e-04
3.618355755002098458e-04
3.618302589046574211e-04
3.618262322649785055e-04
3.618216718562147771e-04
3.618172868645190728e-04
3.618127898890334516e-04
3.618087435305724817e-04
3.618055883477602503e-04
3.618024581324402853e-04
3.617978381999157451e-04
3.617942166899219998e-04
3.617903342396529536e-04
3.617873231690221119e-04
3.617837305833259483e-04
3.617799657912573047e-04
3.617762209999453543e-04
3.617714115381874692e-04
3.617684578325071993e-04
3.617660018345431701e-04
3.617632066036719136e-04
3.617610837615958526e-04
3.617586364622129040e-04
3.617558966695845111e-04
3.617531231656288771e-04
3.617508858732487644e-04
3.617484592771268615e-04
3.617457821356347548e-04
3.617437529864569144e-04
3.617414339360386366e-04
3.617383458117323972e-04
3.617366411375184899e-04
3.617348721234857909e-04
3.617333891940713265e-04
3.617316276355933015e-04
3.617296675029967566e-04
3.617282408549621310e-04
3.617269426494455200e-04
3.617253209313600702e-04
3.617237388487636843e-04
3.617224934991953157e-04
3.617212373993892245e-04
3.617195865540154655e-04
3.617176183590252859e-04
3.617166455928041415e-04
3.617154580709650317e-04
3.617142434004054757e-04
3.617136071730529898e-04
3.617131672928142021e-04
3.617120150455465505e-04
3.617107235867650004e-04
3.617099004443329090e-04
3.617093115192308102e-04
3.617079329892772645e-04
3.617074363585243038e-04
3.617064259443386067e-04
3.617055026622158134e-04
3.617046707580758372e-04
3.617043098249444187e-04
3.617037465201611204e-04
3.617025609618407136e-04
3.617014324063645920e-04
3.617011594109019847e-04
3.617006295314177818e-04
3.616999942683948237e-04
3.616988812811036810e-04
3.616979929261223076e-04
3.616975290076235305e-04
3.616971772525848054e-04
3.616966636363901999e-04
3.616958226826573887e-04
3.616951972897594928e-04
3.616946475390865568e-04
3.616941924556660651e-04
3.616931463825569628e-04
3.616925811892478704e-04
3.616918748035074962e-04
3.616912682583210779e-04
3.616901935240343776e-04
3.616891525979139049e-04
3.616884340632284321e-04
3.616876987755306247e-04
3.616869483199061154e-04
3.616864767695255039e-04
3.616856370720746634e-04
3.616847759547784334e-04
3.616839587356308287e-04
3.616829409761557158e-04
3.616818612626245140e-04
3.616811726935744288e-04
3.616799590360015508e-04
3.616789215120875460e-04
3.616783789164982102e-04
3.616773336601299886e-04
3.616767006919485391e-04
3.616758391676084985e-04
3.616738678958596903e-04
3.616721328322477537e-04
3.616708988725502024e-04
