1.364937380075521708e-05
5.660458007647973990e-04
1.122455649562486548e-03
1.680470867093635272e-03
2.240091453358241617e-03
2.807738883290141711e-03
3.372978260121854178e-03
3.932598846386461608e-03
4.512286541819298530e-03
5.078328603017739917e-03
5.651594823516742014e-03
6.225663728382475198e-03
6.802140686348393840e-03
7.373801538113944169e-03
7.947067758612948868e-03
8.510701766711202196e-03
9.087178724677128644e-03
9.650812732775385441e-03
1.021444674087364744e-02
1.078530490827246495e-02
1.135857112877147398e-02
1.193424540237067628e-02
1.250751162286968358e-02
1.308800200266925506e-02
1.367170311993573702e-02
1.428028745257083065e-02
1.488485836337226885e-02
1.549424538037408317e-02
1.610523776610935445e-02
1.673950799847976831e-02
1.739223997128495902e-02
1.803774778478960117e-02
1.868646633576114338e-02
1.933919830856634103e-02
2.000637859997265663e-02
2.067837499757934488e-02
2.134475260461892940e-02
2.201193289602524500e-02
2.267188902813099816e-02
2.333987200390404484e-02
2.398618250177540073e-02
2.463811179021386730e-02
2.526194712581681864e-02
2.590023078002089141e-02
2.655858154339318933e-02
2.717760077279575068e-02
2.785601864533627375e-02
2.848386740277289095e-02
2.911733495077662229e-02
2.974438102384651880e-02
3.036741367508275294e-02
3.097519532335114498e-02
3.159180649965355470e-02
3.214982171718472337e-02
3.270221814414876055e-02
3.327628704901449547e-02
3.381262978864398028e-02
3.436823695307495569e-02
3.492384411750595191e-02
3.549149154743788670e-02
3.604067723693505504e-02
3.661314077306734860e-02
3.719603920596713936e-02
3.775646247659849436e-02
3.835059849063247872e-02
3.892225934239803425e-02
3.951077656586492182e-02
4.011293942356622400e-02
4.069583785646598006e-02
4.129077655486668857e-02
4.187046425029954111e-02
4.243409825839782740e-02
4.302422085059816326e-02
4.360711928349794014e-02
4.418038550399695091e-02
4.473438729969446415e-02
4.529882399215946071e-02
4.589617074366036248e-02
4.647505575472649780e-02
4.704591392212533613e-02
4.763764188305913416e-02
4.822134300032564214e-02
4.877775284912336251e-02
4.933576806665453812e-02
4.989619133728589312e-02
5.047828708581893892e-02
5.103469693461667317e-02
5.161197657694933938e-02
5.220611259098332374e-02
5.277937881148234145e-02
5.337190945678289833e-02
5.395801862714959263e-02
5.455697074738396352e-02
5.514388260211742360e-02
5.583032731832526796e-02
5.647904586929683446e-02
5.707398456769748052e-02
5.771628164373514974e-02
5.834653845427187346e-02
5.895512278690692026e-02
5.965441045298239264e-02
6.033603906298975333e-02
6.093258313012383381e-02
6.153875940965868735e-02
6.215697595469447251e-02
6.284101261780203340e-02
6.346645332213829427e-02
6.418500541301516704e-02
6.477191726774850222e-02
6.539735797208481860e-02
6.606935436969144093e-02
6.671165144572906158e-02
6.736598878726762774e-02
6.807651403447728677e-02
6.862248898650746831e-02
6.939883435178888227e-02
7.011337302083217593e-02
7.082149021494159313e-02
7.145576044731200005e-02
7.207317430798101943e-02
7.271065527781832294e-02
7.339388925655915275e-02
7.408354471023384513e-02
7.457413444095968569e-02
7.531756974720524300e-02
7.569578366658899493e-02
7.615988481321274428e-02
7.695549460329569047e-02
7.735778905368134728e-02
7.787807810597616176e-02
7.852198055074730010e-02
7.919156889525379162e-02
7.984911697425933763e-02
8.047455767859573728e-02
8.082628301387743963e-02
8.119325935212698409e-02
8.167903297665245199e-02
8.189751270705704356e-02
8.226850246714020876e-02
8.269648281726119099e-02
8.315014906711747089e-02
8.349465024309854488e-02
8.378938498834249959e-02
8.414271569235765025e-02
8.438286790066397425e-02
8.459813689360171085e-02
8.494023001648268179e-02
8.522613523369253208e-02
8.539886195519361123e-02
8.559085310149613934e-02
8.575635566369665952e-02
8.631758161869472479e-02
8.648147881216176891e-02
8.664938942746248929e-02
8.680525977726223641e-02
8.694828717719431388e-02
8.708248504909238408e-02
8.721588023662373013e-02
8.734847273978832427e-02
8.746902497745198679e-02
8.758636647764873884e-02
8.770370797784544925e-02
8.804820915382657875e-02
8.822093587532767178e-02
8.838884649062839216e-02
8.854471684042816704e-02
8.867811202795954084e-02
8.879786158125642370e-02
8.891038697525277534e-02
8.902692579108276161e-02
8.914747802874641025e-02
8.927846516317755610e-02
8.938697713534023148e-02
8.950110789807003142e-02
8.961443597643310721e-02
8.973659358283025966e-02
8.984269750189274872e-02
8.994157726165467881e-02
9.003403554648281570e-02
9.011124282834309662e-02
9.020370111317121964e-02
9.029615939799938429e-02
9.037497204859319677e-02
9.045860080538722925e-02
9.054463761528148968e-02
9.062023952840830843e-02
9.071109244450291376e-02
9.080515609806454058e-02
9.090002243599284992e-02
9.098044045532001356e-02
9.107610947761504705e-02
9.115813286567570062e-02
9.123293209443576746e-02
9.131254742939624858e-02
9.139136007998997779e-02
9.147980494298448007e-02
9.156423638414534771e-02
9.163341682233837326e-02
9.172587510716651016e-02
9.179987165155986673e-02
9.187306551158651302e-02
9.190933589074365417e-02
9.194239553243382934e-02
9.199391691455875708e-02
9.201654165948150443e-02
9.204317982623787253e-02
9.208105557412846198e-02
9.211652326891893450e-02
9.215199096370935150e-02
9.216819423369818076e-02
9.220205655975523273e-02
9.224555109821297449e-02
9.229707248033799938e-02
9.243528377406967644e-02
9.252613669016435116e-02
9.260414665639134235e-02
9.271506668165424569e-02
9.282197328508341727e-02
9.292647183541247191e-02
9.303979991377557546e-02
9.315553604523880982e-02
9.327528559853572043e-02
9.340466736423336247e-02
9.354608939543199164e-02
9.367948458296332381e-02
9.382090661416195299e-02
9.396473669846082399e-02
9.409492114852530120e-02
9.423714586409073779e-02
9.438900279205689192e-02
9.452801677015543191e-02
9.467024148572088238e-02
9.481728230748667774e-02
9.496673118235265942e-02
9.511778542595214492e-02
9.527124772265183061e-02
9.544798786598653051e-02
9.559904210958594661e-02
9.576213661868629434e-02
9.591640159975262092e-02
9.607708805575276845e-02
9.623456377428603326e-02
9.640729049578709853e-02
9.658483332348861972e-02
9.672866340778750460e-02
9.687891496702016880e-02
9.705083900415452380e-02
9.720269593212070569e-02
9.735856628192061935e-02
9.780902179431008592e-02
9.806763574305124576e-02
9.825320541442003619e-02
9.842753750465460527e-02
9.862273938842415488e-02
9.880269026922583464e-02
9.898825994059462507e-02
9.917061887449649116e-02
9.934575364909778439e-02
9.951848037059890517e-02
9.967194266729849372e-02
9.983824791386575193e-02
1.000342524820020118e-01
1.002069792035031048e-01
1.003684683438700320e-01
1.005724997556735473e-01
1.007877687486112422e-01
1.009733384199800188e-01
1.011669349350160507e-01
1.013581233969519380e-01
1.015758004429898886e-01
1.017637781674588099e-01
1.019662042105288768e-01
1.021477604600639910e-01
1.023309220783326090e-01
1.025542179149376287e-01
1.027574466423743921e-01
1.029743210040455076e-01
1.031534692004804771e-01
1.033831865120194149e-01
1.036193252984920626e-01
1.038297781852294543e-01
1.040314015439327694e-01
1.041928906842996411e-01
1.044081596772373499e-01
1.046330608825758596e-01
1.048924775156837436e-01
1.050884820838199479e-01
1.053655577729957632e-01
1.056297905123040060e-01
1.058562970863759362e-01
1.060924358728485700e-01
1.063004807064857199e-01
1.065221711743572636e-01
1.067623233826635737e-01
1.069904353254688967e-01
1.072313902181419726e-01
1.074619102140475235e-01
1.077012597379870956e-01
1.079068965185240453e-01
1.081414299362632725e-01
1.086882075726601088e-01
1.090535785421762605e-01
1.092881119599155015e-01
1.095306722213220813e-01
1.097860754325962890e-01
1.101458276115452606e-01
1.103907959260519572e-01
1.106245266594244603e-01
1.108502305491296108e-01
1.111128579197043359e-01
1.113666557622450121e-01
1.115779113333490863e-01
1.118549870225249432e-01
1.122974156912470156e-01
1.125247249496856422e-01
1.127375858895230676e-01
1.130210830536327593e-01
1.133824406013152347e-01
1.136538974999240920e-01
1.138828121270963056e-01
1.141141348073686224e-01
1.143229823253724825e-01
1.145775828522802992e-01
1.148281699573539122e-01
1.150410308971915041e-01
1.153221200082008430e-01
1.155951822755431763e-01
1.158650338054185297e-01
1.161822437129310798e-01
1.164480818209727570e-01
1.166705749732110248e-01
1.169452426092868480e-01
1.172022511892945179e-01
1.174472195038012146e-01
1.177852992048484676e-01
1.182502030358390938e-01
1.184413914977749810e-01
1.186927812872156374e-01
1.189995562979603572e-01
1.193681380049436552e-01
1.197286928682592538e-01
1.201012879970760200e-01
1.203350187304486063e-01
1.205663414107208953e-01
1.208161258314280201e-01
1.210273814025325939e-01
1.213526181537119414e-01
1.216369180021883850e-01
1.218409494139919835e-01
1.221276573155687106e-01
1.223429263085063362e-01
1.225967241510475675e-01
1.228802213151571759e-01
1.232231171224048710e-01
1.235764478264201466e-01
1.239113167900005169e-01
1.241819710042429137e-01
1.244590466934187428e-01
1.247553868073961875e-01
1.252130664790862269e-01
1.257405796906818918e-01
1.263917062947536585e-01
1.268204893292415314e-01
1.271497395022546939e-01
1.274468823005995011e-01
1.276894425620056783e-01
1.279769531479490741e-01
1.284041308137033599e-01
1.287598695708186691e-01
1.290682499502976144e-01
1.294055269669779074e-01
1.296761811812199849e-01
1.301547306464450604e-01
1.305506036218975485e-01
1.308605893701090817e-01
1.311601402215533951e-01
1.314693232853983984e-01
1.318202459363135015e-01
1.322024732775310407e-01
1.324891811791082674e-01
1.327799025025182822e-01
1.331139687817320116e-01
1.333918471552746343e-01
1.337572181247906888e-01
1.340969031945719314e-01
1.343707681462807391e-01
1.347128612691617100e-01
1.350461248640087430e-01
1.353673481933546641e-01
1.356636883073325528e-01
1.360130055895139300e-01
1.363679416622625984e-01
1.367124428382438528e-01
1.371018943387616595e-01
1.374463955147435801e-01
1.380782576940136341e-01
1.384917897255336650e-01
1.388924788071859706e-01
1.392755088327706503e-01
1.395501764688461266e-01
1.399203635445626370e-01
1.402399815051752485e-01
1.407827457197385890e-01
1.411320630019206879e-01
1.414749588091682442e-01
1.419181901622571518e-01
1.423405517218110650e-01
1.428239172932364021e-01
1.433008613897282513e-01
1.439953329496035661e-01
1.444586314118606885e-01
1.452213311429081111e-01
1.455995450622918908e-01
1.458750153827343132e-01
1.461737635498118748e-01
1.465872955813318501e-01
1.469181511230789328e-01
1.472498093491923510e-01
1.475477548319032717e-01
1.480022237661264284e-01
1.483948860041112983e-01
1.487297549676919461e-01
1.489506427511972375e-01
1.494099277916205448e-01
1.499960369619872669e-01
1.502522428576283098e-01
1.505261078093373950e-01
1.509765633217267922e-01
1.513684228753456873e-01
1.517707173257312470e-01
1.522195674693872236e-01
1.526306914478070265e-01
1.531453617095346886e-01
1.536062521186919161e-01
1.540607210529150728e-01
1.544341188660985076e-01
1.548853770628547122e-01
1.554658674426543652e-01
1.559404034860455979e-01
1.562913261369610340e-01
1.567305440682164319e-01
1.573696304067874474e-01
1.577125262140351702e-01
1.582825816970672983e-01
1.587041405722545429e-01
1.589723867333968088e-01
1.593353496498129129e-01
1.598299528023725269e-01
1.602410767807923020e-01
1.606650437090797190e-01
1.609950965664599665e-01
1.613420057955410603e-01
1.617451029302934273e-01
1.620269947256698095e-01
1.624686207100257684e-01
1.629094440100142815e-01
1.632804337700974884e-01
1.638392516719955894e-01
1.644229527892621390e-01
1.649833760598933829e-01
1.652941644924719178e-01
1.655680294441811140e-01
1.660505923312399768e-01
1.665002451592625665e-01
1.668969208190811682e-01
1.673337306972362271e-01
1.678781002805332101e-01
1.685701637873080472e-01
1.689893146093954523e-01
1.693811741630135703e-01
1.696630659583898970e-01
1.701062973114786936e-01
1.709508708479321737e-01
1.716397236172403362e-01
1.723205495428809519e-01
1.728713406011122000e-01
1.733852081784728882e-01
1.737794757851913729e-01
1.744474587609645411e-01
1.749380484916903400e-01
1.752769308771045531e-01
1.758301299884351965e-01
1.762862042913917737e-01
1.768201389779217592e-01
1.771790884725037152e-01
1.780902848113959103e-01
1.785583993798532387e-01
1.790032361016759277e-01
1.797153667176189240e-01
1.801088316399710731e-01
1.804123959132491462e-01
1.808476004226705347e-01
1.812948451975931186e-01
1.816618215358427324e-01
1.819854529182888814e-01
1.825193876048182839e-01
1.829738565390413296e-01
1.835238449129052707e-01
1.841532990390752633e-01
1.846069652889315016e-01
1.850333365307534061e-01
