1.364937380075521708e-05
2.080312389582825161e-03
4.170253252000047199e-03
6.278655854852036554e-03
8.400704091938427515e-03
1.049867179802295956e-02
1.262152271947610156e-02
1.482303670886868548e-02
1.712809698156931085e-02
1.953911159067821257e-02
2.201193289602524500e-02
2.443659313936853358e-02
2.679302521153984970e-02
2.918477539584731634e-02
3.148100614051405066e-02
3.355409063122998664e-02
3.559667311601028700e-02
3.770025961266202513e-02
3.988732528345356049e-02
4.204067821084244566e-02
4.418038550399695091e-02
4.631286863785087637e-02
4.842849540000354613e-02
5.054010874032252576e-02
5.267821066474358965e-02
5.485403875440096610e-02
5.720485203600522706e-02
5.958616732354497791e-02
6.193216449894858866e-02
6.434157373932364310e-02
6.671165144572906158e-02
6.918928885727625155e-02
7.174558933676293548e-02
7.414697173347090109e-02
7.601216097320373510e-02
7.811414210112170575e-02
8.052917013206417618e-02
8.187903600835684526e-02
8.328669515905395837e-02
8.444231141859821765e-02
8.539886195519361123e-02
8.643487824409519515e-02
8.699891612535996799e-02
8.748027751685162612e-02
8.819602274342820680e-02
8.873919083115809625e-02
8.917720726684626176e-02
8.960398612140020591e-02
9.000507907621885240e-02
9.032349554126445357e-02
9.062023952840830843e-02
9.095872310262205496e-02
9.126590198653339314e-02
9.157067281734462827e-02
9.185457385462088287e-02
9.200924270885380007e-02
9.212136929165017085e-02
9.224232540248061829e-02
9.256716334246012368e-02
9.296103213797814180e-02
9.340466736423336247e-02
9.391974149912768466e-02
9.444685589952313276e-02
9.497958909048577480e-02
9.556931287148610898e-02
9.615422054628593174e-02
9.676080069898752856e-02
9.733928689885371077e-02
9.834961728802014969e-02
9.904288735232852359e-02
9.967194266729849372e-02
1.003162489852363337e-01
1.010649042708488682e-01
1.017886763410928569e-01
1.025116457269701215e-01
1.032619063813161875e-01
1.040659468882329797e-01
1.048764088700837177e-01
1.057615204980401624e-01
1.066073005920268602e-01
1.074619102140475235e-01
1.085789976239886212e-01
1.096029736473894262e-01
1.106462140955915552e-01
1.115337337766481168e-01
1.126283460243208134e-01
1.137293797469275392e-01
1.145454605193455822e-01
1.155100378996081201e-01
1.165259870793417807e-01
1.174472195038012146e-01
1.186229028725138274e-01
1.198981191027009008e-01
1.208337998457614804e-01
1.218015879634913590e-01
1.227220177035845544e-01
1.239691399809358802e-01
1.251672985119172965e-01
1.270284743298168983e-01
1.280933872559210929e-01
1.294055269669779074e-01
1.307401418403033866e-01
1.319599728491861190e-01
1.331493018521335281e-01
1.343314066957801423e-01
1.355191303299937700e-01
1.367710687135459124e-01
1.384540486020320316e-01
1.397974930033913377e-01
1.411931118885882686e-01
1.428239172932364021e-01
1.451040943505693959e-01
1.463407817311533077e-01
1.475798771648378638e-01
1.489080705632296608e-01
1.503695095664980830e-01
1.518389754134341074e-01
1.535540626765889982e-01
1.553076787893470090e-01
1.568277137513869879e-01
1.587041405722545429e-01
1.600861138232172187e-01
1.614905622364476712e-01
1.629359475523818046e-01
1.648838132818880864e-01
1.662304684207144001e-01
1.679808737960053477e-01
1.696397731534892983e-01
1.720291152846965543e-01
1.738621971497607555e-01
1.758301299884351965e-01
1.778173272519115999e-01
1.798984385862951729e-01
1.813197433712271378e-01
1.828686749704689363e-01
1.848213568061757017e-01
1.864930991135270999e-01
1.887548144304249942e-01
1.912380706325393365e-01
1.933223927043899448e-01
1.961909374025347097e-01
1.985602124245741673e-01
2.003314875934000538e-01
2.019855708446835207e-01
2.042079546276115432e-01
2.064271276730720028e-01
2.088076402762453765e-01
2.112403273632563472e-01
2.133824427095107890e-01
2.154892399436293404e-01
2.177605874729280078e-01
2.206965576578774901e-01
2.226315804375159080e-01
2.246003159605572952e-01
2.267849735782483112e-01
2.293035478924978499e-01
2.312626512031379922e-01
2.334336631865946698e-01
2.357764496245320363e-01
2.385478695143014582e-01
2.410680491972846673e-01
2.433458182015175164e-01
2.461132246694530956e-01
2.480065078620208863e-01
2.506743814684820881e-01
2.535212536887239687e-01
2.571788371193626244e-01
2.600666462423075753e-01
2.625868259252902015e-01
2.650580418619028489e-01
2.678904657635439168e-01
2.711451016420839411e-01
2.739967899685262775e-01
2.771262070858565574e-01
2.796223062378378477e-01
2.816544538258518027e-01
2.841617905589668425e-01
2.875079324553142524e-01
2.908356126112271456e-01
2.931607399930959423e-01
2.960926967562131917e-01
2.987469247284397778e-01
3.015255687775100224e-01
3.050956596121748854e-01
3.082074176734380666e-01
3.106577638165168298e-01
3.133400857415806207e-01
3.155319675185725425e-01
3.184069336916495740e-01
3.223655237598120338e-01
3.250671101096765936e-01
3.290658343961763710e-01
3.326640191836771621e-01
3.351400512264908760e-01
3.393795808230086752e-01
3.427706730438940252e-01
3.448574031688456665e-01
3.468662729102232056e-01
3.503641221518835058e-01
3.533201594460027573e-01
3.568469053248631839e-01
3.604780001714002480e-01
3.635600589110947745e-01
3.671815215452315373e-01
3.690322624663643913e-01
3.713437442139986278e-01
3.747332310661506405e-01
3.770984926663559222e-01
3.798265676003224067e-01
3.836976650725114069e-01
3.882879677372905736e-01
3.908450709011437874e-01
3.934639807612352880e-01
3.971295910355421288e-01
3.998632847600760432e-01
4.037600681320010487e-01
4.060819847764025048e-01
4.093045132802749508e-01
4.130487866225210913e-01
4.167352666903629821e-01
4.203743883805664550e-01
4.239998644365357006e-01
4.273837324981210051e-01
4.306279334798946978e-01
4.342606336951660428e-01
4.373467058566945509e-01
4.397761822062372650e-01
4.419953552516976414e-01
4.454843749653238372e-01
4.494887180423898787e-01
4.532065028005331508e-01
4.560469535458505086e-01
4.595921611651453409e-01
4.630025178108401196e-01
4.665108019492670288e-01
4.706532067374168404e-01
4.745644384279499306e-01
4.776778018579442842e-01
4.800021265554535455e-01
4.835023838502124360e-01
4.864479862475714067e-01
4.893430195298155150e-01
4.929484284766244562e-01
4.965835367450027182e-01
4.996190397914261894e-01
5.034058554051147327e-01
5.073524052077837965e-01
5.112162785206710858e-01
5.148955344292176495e-01
5.191286425508102598e-01
5.231378017340818642e-01
5.266693637191446342e-01
5.293187755851759269e-01
5.323655162127379770e-01
5.356763399969584061e-01
5.387022108309813540e-01
5.419335688628968972e-01
5.458327602879206042e-01
5.490713424791366926e-01
5.511925880318548909e-01
5.537553099862848605e-01
5.571592451570360760e-01
5.601586274069645377e-01
5.635457062060186262e-01
5.674545298434447993e-01
5.710230153093849292e-01
5.743836055243334293e-01
5.776711514619186083e-01
5.810630463671715429e-01
5.841707910066017417e-01
5.869518431087794585e-01
5.906222694892869773e-01
5.931183686412688782e-01
5.961747414812356149e-01
6.003428321691161029e-01
6.046513926211736223e-01
6.076066272309313954e-01
6.114985944966556675e-01
6.148928974550068594e-01
6.190682123021961081e-01
6.231062681226636757e-01
6.265415079837216572e-01
6.302039075205588814e-01
6.341978157008650863e-01
6.382214232027353384e-01
6.415129825621445070e-01
6.455277605359862614e-01
6.492078191288956912e-01
6.525836603468111452e-01
6.568328221557306890e-01
6.602351519577580596e-01
6.629022228798544525e-01
6.655452132709486213e-01
6.674970924222904944e-01
6.704748021943088832e-01
6.743884419379340134e-01
6.767464793788462440e-01
6.801568360245328071e-01
6.842165643229035643e-01
6.884352241258884231e-01
6.918889257273781457e-01
6.952438971517607147e-01
6.989207450072089101e-01
7.029138505031423678e-01
7.066212003645191420e-01
7.107716319963290896e-01
7.143144315625262752e-01
7.175843184440430234e-01
7.214152816978969263e-01
7.248786155117866725e-01
7.290651679401010110e-01
7.321664911045941970e-01
7.351241337674470078e-01
7.382503401473177185e-01
7.419520712181280064e-01
7.459227015517919668e-01
7.493362689349494232e-01
7.529986684717855372e-01
7.560871486864136903e-01
7.582067888704071557e-01
7.615457066074541315e-01
7.645346539606096004e-01
7.671302859740661839e-01
7.699386293447076923e-01
7.734517295893367228e-01
7.770354660582361461e-01
7.802491650340727114e-01
7.838593900870753917e-01
7.867006435167583911e-01
7.905765570951474031e-01
7.940190211155047084e-01
7.977263709768814826e-01
8.008004028729083235e-01
8.042549071587665743e-01
8.078322221527315383e-01
8.115042539019703405e-01
8.152388950318213423e-01
8.189205589934640539e-01
8.223204807423828422e-01
8.257846172406412277e-01
8.295128368955558829e-01
8.325627882605782792e-01
8.357869221331838405e-01
8.394059767142203476e-01
8.434592835376629738e-01
8.470301770566954769e-01
8.505159860328546095e-01
8.531878730611508477e-01
8.565348176418668968e-01
8.605648466186714973e-01
8.641895199902737135e-01
8.668349184344658065e-01
8.696858040765422793e-01
8.727847191879433142e-01
8.766253146541966856e-01
8.801456390581254841e-01
8.834436198924717765e-01
8.872521079840574032e-01
8.907162444823177871e-01
8.934675972629164686e-01
8.973386947351066345e-01
9.014514002016812411e-01
9.038423477016211960e-01
9.073698962648524269e-01
9.109014582499110890e-01
9.141079330664427793e-01
9.170896562602904867e-01
9.198289687753933297e-01
9.231173173973327151e-01
9.262732230987641424e-01
9.299243850544613998e-01
9.324509862123803172e-01
9.356109053356360672e-01
9.388390526300747219e-01
9.424532911049089412e-01
9.461566275444615037e-01
9.498639774058221796e-01
9.536772816036005462e-01
9.566790719066217141e-01
9.604907707356722391e-01
9.643145098302202678e-01
9.679688825233871974e-01
9.708494674870353780e-01
9.743625677316514189e-01
9.774478372088113431e-01
9.807530422024529626e-01
9.836601157502046222e-01
9.873425823962010961e-01
9.907930732602223678e-01
9.940934621476608113e-01
9.975246885868864766e-01
1.001260935085454662e+00
1.004987549371634259e+00
1.008698912654840463e+00
1.011777760657072145e+00
1.015169655562309092e+00
1.017823080850170925e+00
1.021153971743545608e+00
1.024020911072953011e+00
1.027256282526705755e+00
1.030677876753513633e+00
1.033898799888652409e+00
1.036976042522139707e+00
1.039986662353194591e+00
1.043283840503175686e+00
1.046999217208214317e+00
1.050537200668207882e+00
1.053996521060257319e+00
1.057817852101716083e+00
1.061761191166899820e+00
1.065118570644377094e+00
1.069293082807191153e+00
1.072343034172221543e+00
1.075356864740732776e+00
1.078679728790445713e+00
1.082036305583556235e+00
1.085432213910636934e+00
1.089037622857446763e+00
1.092189515137034661e+00
1.095201740336826601e+00
1.097742789813343389e+00
1.100870601561940276e+00
1.104453535346469062e+00
1.108011585915642305e+00
1.111821679375943450e+00
1.115041799826713920e+00
1.118546070543304793e+00
1.121482040728248863e+00
1.125040893981793744e+00
1.128129374196419343e+00
1.131119926918300322e+00
1.134567207044854031e+00
1.137788932864353342e+00
1.141466583404154189e+00
1.144642556214760853e+00
1.148304153067233768e+00
1.152049229093840443e+00
1.155789489014249050e+00
1.159352355689611480e+00
1.162327657408537274e+00
1.165761291900858421e+00
1.168913986864817511e+00
1.172098789203451341e+00
1.175641588769642976e+00
1.179037497096725007e+00
1.182555413447562431e+00
1.186245906937230865e+00
1.189355256945389350e+00
1.193351573178788039e+00
1.196653567434963650e+00
1.199902584522931637e+00
1.202827317126748063e+00
1.206195934185373408e+00
1.209452978117002031e+00
1.213205278302918799e+00
1.216916641586124781e+00
1.219940907051415335e+00
1.223503773726776656e+00
1.226786503558153996e+00
1.230456929938661403e+00
1.233633705433620387e+00
1.237079380191444589e+00
1.239858024240513723e+00
1.243355873482169915e+00
1.246697199272317924e+00
1.250557861847739982e+00
1.254252368759260605e+00
1.257619380449141566e+00
1.260939033761375727e+00
1.264480227958837411e+00
1.267741285312310895e+00
1.271153247326726188e+00
1.274808422704260646e+00
1.278535839674810548e+00
1.281915694314569532e+00
1.285375817390981501e+00
1.288975607547219848e+00
1.292771252688934336e+00
1.295842876531862808e+00
1.299376846570020838e+00
1.303158043393132681e+00
1.306904724788490402e+00
1.310029325799610733e+00
1.313276737518849213e+00
1.316822747822518513e+00
1.320111096444459342e+00
1.323709281231955748e+00
1.327435895518125575e+00
1.331118362164140700e+00
1.334598552349739231e+00
1.337916600293243885e+00
1.341654452160553124e+00
1.345080862493576390e+00
1.348305799050547815e+00
1.351906391891145143e+00
1.355364909598832490e+00
1.359314670138956460e+00
1.362559673805103566e+00
1.366503012870307954e+00
1.369766478276879029e+00
1.373501918351527129e+00
