1.748642918180108238e-03
1.614846379561407121e-03
1.495743934149528897e-03
1.386643695766396006e-03
1.285084469975885605e-03
1.190298649723779776e-03
1.101659899218593308e-03
1.018793894225842071e-03
9.413069595281399297e-04
8.687964448461359688e-04
8.010556398667872209e-04
7.378432236564839205e-04
6.788479475756913073e-04
6.239161790150493875e-04
5.729088409096997399e-04
5.256020077444774905e-04
4.817643966376941827e-04
4.413184170344728783e-04
4.040158886229047253e-04
3.697524920015942437e-04
3.383539703121605396e-04
3.093971048776997788e-04
2.827927012603296706e-04
2.583071769363755365e-04
2.357824585438031612e-04
2.151080481434672548e-04
1.961571238720579010e-04
1.787310137715231813e-04
1.627156593167134650e-04
1.480023743043188192e-04
1.344852817383653280e-04
1.221016209884516078e-04
1.107273575507192827e-04
1.002716282546168306e-04
9.066533618830031590e-05
8.188027881774067348e-05
7.387115229820915749e-05
6.655258947853797237e-05
5.990819600412109906e-05
5.389670103498367154e-05
4.847566492819521287e-05
4.359292785567831559e-05
3.921047695662061418e-05
3.528673468390960261e-05
3.178543060322617977e-05
2.866759488362373383e-05
2.589518594352959146e-05
2.344694494147947676e-05
2.130272555049057514e-05
1.944219198015417703e-05
1.783266921258801544e-05
1.644501619905288121e-05
1.524093504653976192e-05
1.419799510841405585e-05
1.328804842575410611e-05
1.248119838789356915e-05
1.176787207991783099e-05
1.113425492157320383e-05
1.056251680739283500e-05
1.003749248024467210e-05
9.551754302053070219e-06
9.096562862424225051e-06
8.668758767441388813e-06
8.265857327410598189e-06
7.883765951804368383e-06
7.527047887369526445e-06
7.190445750411434347e-06
6.869500794575459108e-06
6.570337560974581174e-06
6.289198937496422847e-06
6.024460786671010535e-06
5.776868746827400031e-06
5.546532723188272952e-06
5.326674723373446733e-06
5.121926084257769280e-06
4.928971042878347264e-06
4.748087598576790073e-06
4.578732810619304012e-06
4.418815314129937621e-06
4.266607214499525041e-06
4.123889936093249371e-06
3.991527795920954310e-06
3.869518676732333203e-06
3.755280660248052757e-06
3.647984671511113269e-06
3.549132801866836062e-06
3.457071955689496595e-06
3.372648691055198415e-06
3.291749255120261972e-06
3.217974849647884565e-06
3.149600188384302375e-06
3.086903232287830172e-06
3.030240513806431815e-06
2.974116686092149351e-06
2.921339376238344475e-06
2.873095042394870328e-06
2.829785064441582864e-06
2.788219497034535377e-06
2.751912939097999062e-06
2.718054070657264437e-06
2.683735170153749739e-06
2.655156169185115808e-06
2.629415710478636506e-06
2.605662943829912964e-06
2.582709926818756942e-06
2.561723562830944929e-06
2.541824554713603958e-06
2.523586015237456427e-06
2.509390138591975310e-06
2.495061055409427687e-06
2.482535551408406943e-06
2.470529898513100089e-06
2.459681985706295578e-06
2.448645922941032511e-06
2.440917601994176972e-06
2.432870942513279390e-06
2.426359425407767440e-06
2.420688935882769010e-06
2.416217748378317793e-06
2.413041819079987221e-06
2.410086847978788764e-06
2.406431553383229421e-06
2.403945362837953588e-06
2.402618457131784368e-06
2.401993042606395123e-06
2.401825109757865736e-06
2.400860006465410023e-06
2.399881888198621642e-06
2.399797486124299830e-06
2.399729425919164567e-06
2.399173211653336163e-06
2.399061691306615005e-06
2.399021284125501851e-06
2.398998702230405645e-06
2.398910790491630614e-06
2.398882481413350700e-06
2.398869048091728137e-06
2.398839799550271425e-06
2.398827360970425689e-06
2.398788848108490102e-06
2.398762327556607417e-06
2.398755617152493092e-06
2.398747246925175626e-06
2.398740508175702573e-06
2.398738104789685166e-06
2.398736557787929479e-06
2.398726975162572858e-06
2.398720248133054663e-06
2.398719522981329903e-06
2.398718639581881950e-06
2.398718144461193524e-06
2.398704099558873343e-06
2.398702956679268895e-06
2.398702397009612678e-06
2.398702118488958516e-06
2.398701884208321888e-06
2.398701712164393711e-06
2.398701559278418297e-06
2.398701418856159583e-06
2.398701302351496085e-06
2.398701226064467683e-06
2.398701146115810295e-06
2.398657410374812385e-06
2.398656223865065561e-06
2.398655673517101796e-06
2.398655346001227369e-06
2.398655204181975003e-06
2.398655129694883144e-06
2.398655070685709034e-06
2.398655007370898740e-06
2.398654923259172672e-06
2.398654828213526463e-06
2.398654775577188114e-06
2.398654719312967842e-06
2.398654672810538012e-06
2.398654575263604780e-06
2.398654543206921643e-06
2.398654513395574618e-06
2.398654478749012858e-06
2.398654463026178498e-06
2.398654438844058280e-06
2.398654415278708491e-06
2.398654396105735295e-06
2.398654370489175369e-06
2.398654354443989915e-06
2.398654344694516178e-06
2.398654320443675754e-06
2.398654301090793183e-06
2.398654279121750252e-06
2.398654267870496417e-06
2.398654232093892756e-06
2.398654215787816919e-06
2.398654206526926186e-06
2.398654199000366752e-06
2.398654194382906401e-06
2.398654171759263279e-06
2.398654159294208266e-06
2.398654157090164163e-06
2.398654125132101918e-06
2.398654117480776226e-06
2.398654113852774870e-06
2.398654113037236726e-06
2.398654112353742971e-06
2.398654109592590051e-06
2.398654109094208571e-06
2.398654108655109655e-06
2.398654108282454969e-06
2.398654108025090361e-06
2.398654107803041097e-06
2.398654107639566703e-06
2.398654107543809205e-06
2.398654107172282767e-06
2.398654101468777522e-06
2.398653640265558352e-06
2.398653629081012597e-06
2.398653626953346302e-06
2.398653610682478660e-06
2.398653600713206226e-06
2.398653595700860385e-06
2.398653584575854693e-06
2.398653548487684362e-06
2.398653521173489569e-06
2.398653472609864354e-06
2.398653428832266671e-06
2.398653379847527592e-06
2.398653359098714395e-06
2.398653274974085474e-06
2.398653239604659444e-06
2.398653163431106776e-06
2.398653114214808795e-06
2.398653097957132844e-06
2.398653037031838070e-06
2.398652990979873067e-06
2.398652938498781881e-06
2.398652869631982750e-06
2.398652827921878988e-06
2.398652767958230884e-06
2.398652697916978219e-06
2.398652626648465871e-06
2.398652478014899936e-06
2.398652310641954853e-06
2.398652215046981943e-06
2.398652128129219950e-06
2.398652053552164722e-06
2.398651979523957198e-06
2.398651856950563943e-06
2.398651748695232669e-06
2.398651640556317179e-06
2.398651532776350960e-06
2.398637694675720471e-06
2.398634942883210266e-06
2.398634704776730797e-06
2.398634494164756142e-06
2.398634217786745089e-06
2.398634008535968051e-06
2.398633882508111010e-06
2.398633749119985737e-06
2.398633576359589660e-06
2.398633467776699311e-06
2.398633288726147206e-06
2.398633166244014127e-06
2.398632998597006875e-06
2.398632888351777521e-06
2.398632734446612253e-06
2.398632517954428153e-06
2.398632393338478896e-06
2.398632162528364528e-06
2.398632019903016740e-06
2.398631822548318120e-06
2.398631375459587574e-06
2.398631178937682430e-06
2.398630269861096872e-06
2.398629960962303166e-06
2.398629407518467013e-06
2.398629111214864767e-06
2.398628883285218496e-06
2.398628625525159336e-06
2.398628391053025499e-06
2.398627910135208926e-06
2.398627817696384115e-06
2.398627599203769079e-06
2.398627100811526432e-06
2.398626791315018844e-06
2.398626386641956952e-06
2.398626157953342055e-06
2.398625927654208359e-06
2.398625519481463404e-06
2.398625295151905788e-06
2.398624942532533691e-06
2.398624120331868816e-06
2.398621254292720204e-06
2.398617649489580136e-06
2.398617362399941304e-06
2.398615938061849290e-06
2.398615628835219104e-06
2.398615125728357191e-06
2.398614802138504615e-06
2.398614444866717235e-06
2.398613692249933067e-06
2.398613105959679220e-06
2.398596237644368039e-06
2.398591347151799583e-06
2.398589337679787103e-06
2.398588822139359050e-06
2.398587193104339869e-06
2.398581027295277904e-06
2.398563985622278587e-06
2.398563270190762575e-06
2.398562606418159290e-06
2.398561986290251678e-06
2.398561207301203424e-06
2.398559960473464120e-06
2.398559396972135781e-06
2.398552303909694417e-06
2.398551476485429872e-06
2.398550722127578798e-06
2.398549862066114121e-06
2.398549607793162550e-06
2.398548836838938390e-06
2.398548281278940343e-06
2.398546976167752053e-06
2.398546100332337541e-06
2.398544940197237931e-06
2.398543868481879887e-06
2.398543112406282419e-06
2.398542277766022647e-06
2.398541509622272865e-06
2.398540600242739197e-06
2.398540155924074474e-06
2.398539399924737923e-06
2.398536654654847281e-06
2.398536096726756872e-06
2.398535104077422051e-06
2.398533751733038538e-06
2.398519753096775172e-06
2.398515796633479116e-06
2.398514675584474300e-06
2.398512270933281049e-06
2.398511444925633792e-06
2.398510877840625097e-06
2.398510334965198698e-06
2.398510097341555537e-06
2.398508623497010594e-06
2.398505274800231264e-06
2.398503055024510759e-06
2.398501986445955430e-06
2.398500915503334110e-06
2.398499682585760872e-06
2.398498210184582093e-06
2.398497125315680329e-06
2.398496003360062691e-06
2.398494652458604462e-06
2.398491553632009982e-06
2.398490097029927329e-06
2.398489383977354172e-06
2.398488365079367865e-06
2.398486857767891760e-06
2.398485216568797595e-06
2.398482447453974458e-06
2.397500672179942644e-06
2.397169205642284853e-06
2.397142578955146080e-06
2.397090970448561495e-06
2.397086499341245155e-06
2.397084935630710450e-06
2.397079597806655617e-06
2.397076937313084528e-06
2.397076201182043320e-06
2.397075210098361234e-06
2.397073971579326082e-06
2.397072503821944027e-06
2.397069770231272311e-06
2.397068892358934567e-06
2.397068315431696098e-06
2.397062383701046303e-06
2.397060771036591813e-06
2.397058471707542408e-06
2.397057255067513973e-06
2.397053098274787443e-06
2.397048715234673745e-06
2.397045787721668528e-06
2.397044112580130341e-06
2.397042781730302231e-06
2.397041147161624005e-06
2.397038932788735342e-06
2.397034852431043939e-06
2.397033425331654587e-06
2.397031436721074687e-06
2.397027768320172969e-06
2.397023699220573075e-06
2.397021997512911217e-06
2.397018471607634615e-06
2.397016846468943698e-06
2.397015396266309310e-06
2.397012790541769583e-06
2.397002014597489401e-06
2.396995514983083078e-06
2.396994290039860017e-06
2.396985453900302580e-06
2.396981739173620177e-06
2.396974956592206348e-06
2.396972035661816461e-06
2.396957153709860607e-06
2.396952072641282164e-06
2.396949332198458647e-06
2.396947384404018006e-06
2.396944320194667358e-06
2.396943035356784908e-06
2.396940028859790763e-06
2.396932096375883407e-06
2.396927571432217236e-06
2.396912949949890849e-06
2.396904267673595960e-06
2.396901458967330126e-06
2.396896598517928060e-06
2.396894238625847166e-06
2.396893192319038086e-06
2.396883176229891346e-06
2.396875285430130427e-06
2.396874105778007236e-06
2.396871536592525336e-06
2.396868841272159123e-06
2.396865255290472308e-06
2.396863122581662322e-06
2.396858336039258636e-06
2.396851233709584803e-06
2.396797364687096016e-06
2.396794139763193298e-06
2.396787442620878587e-06
2.396785208110150909e-06
2.396783852668056523e-06
2.396780254538887252e-06
2.396709394027733392e-06
2.396707298420357323e-06
2.396704953690294511e-06
2.396698130628176634e-06
2.396694928368280699e-06
2.396685741350887327e-06
2.396681780481553731e-06
2.396668427267030304e-06
2.396661770479849125e-06
2.396651227283802691e-06
2.396422091187974639e-06
2.396265889659790034e-06
2.396260209268970027e-06
2.396253007951116497e-06
2.396246219083618751e-06
2.396241566623502049e-06
2.396233680766894967e-06
2.396225826695883210e-06
2.396218236096276418e-06
2.396211480702484402e-06
2.396210084017850982e-06
2.396204191527503412e-06
2.396196691281780323e-06
2.396193201984736188e-06
2.396187076466890648e-06
2.396184144937894705e-06
2.396180037358235150e-06
2.396174680421235075e-06
2.396167819995381317e-06
2.396136017584460270e-06
2.396127578500439882e-06
2.396124277221397149e-06
2.396118525306315901e-06
2.396115725795902222e-06
2.396114778765436412e-06
2.396113489426313308e-06
2.396100460029528200e-06
2.396094840798659046e-06
2.396086866354891794e-06
2.395982680183796699e-06
2.394945278595458509e-06
2.394883735604013382e-06
2.394843639041487609e-06
2.394816445095947837e-06
2.394812100258757749e-06
2.394800594597533637e-06
2.394782347502529769e-06
2.394773561264247224e-06
2.394763793920029167e-06
2.394760453697146590e-06
2.394754153021633172e-06
2.394725867180978800e-06
2.394672982569739089e-06
2.394656008116749306e-06
2.394650884701355823e-06
2.394644229725187412e-06
2.394636338774730015e-06
2.394627939488464986e-06
2.394616567375183476e-06
2.394605452062706477e-06
2.394599615009812766e-06
2.394589372288161775e-06
2.394585284942489639e-06
2.394582217857057252e-06
2.394575732490083915e-06
2.394561678839430001e-06
2.394559409954811481e-06
2.394555791714987023e-06
2.394548102012150167e-06
