1.748642918180108672e-03
1.314827082595798873e-03
9.871843713176637908e-04
7.317601747706857984e-04
5.347826895165000254e-04
3.865121456928344128e-04
2.777330074289684160e-04
1.979827947131937470e-04
1.397502627737236063e-04
9.730036153080894544e-05
6.655258947853795882e-05
4.500327061711484024e-05
3.049288308196260872e-05
2.110483159094640978e-05
1.546868699525385849e-05
1.211382355390587988e-05
9.936000631044703533e-06
8.304541864705548051e-06
6.996091311015678744e-06
5.949013634673898815e-06
5.121926084257767586e-06
4.465075937339457019e-06
3.941814768901267086e-06
3.539456985274300059e-06
3.231888012564941811e-06
3.002673817009390057e-06
2.821301864244044145e-06
2.687081713371904762e-06
2.591150500495224879e-06
2.518664621930006187e-06
2.470529898513100089e-06
2.435914288694002889e-06
2.414455069349456454e-06
2.403914906996603765e-06
2.401727515099517675e-06
2.399703689859172004e-06
2.398993342311513324e-06
2.398840261930325984e-06
2.398759013990220572e-06
2.398737419474318445e-06
2.398719522981329480e-06
2.398703368883941502e-06
2.398701819478433788e-06
2.398701293744813366e-06
2.398656347642811342e-06
2.398655162209549373e-06
2.398654891345464885e-06
2.398654676126709270e-06
2.398654486617365333e-06
2.398654406304307594e-06
2.398654344694517025e-06
2.398654271176420270e-06
2.398654201782772152e-06
2.398654159079158035e-06
2.398654115319341691e-06
2.398654109332154949e-06
2.398654107976262300e-06
2.398654107173886623e-06
2.398653628332169827e-06
2.398653593443397726e-06
2.398653472609864354e-06
2.398653300439787985e-06
2.398653107346230484e-06
2.398652929743345777e-06
2.398652707061911413e-06
2.398652271807264096e-06
2.398651945204020237e-06
2.398651541406131420e-06
2.398634603402782855e-06
2.398633833575053646e-06
2.398633288726146782e-06
2.398632790644992231e-06
2.398632110493942614e-06
2.398631131984281672e-06
2.398629166581592222e-06
2.398628108627793396e-06
2.398627021378774789e-06
2.398625994695958115e-06
2.398624287412229238e-06
2.398617289038629924e-06
2.398614802138503768e-06
2.398597359129818863e-06
2.398588246232835517e-06
2.398563154205705510e-06
2.398560600486732248e-06
2.398551098424486386e-06
2.398548819009698261e-06
2.398544939696115451e-06
2.398541880249580666e-06
2.398539176698495779e-06
2.398533751733037691e-06
2.398513143567726289e-06
2.398510342044947828e-06
2.398502840574551470e-06
2.398498708814650417e-06
2.398492116179180270e-06
2.398488290080868852e-06
2.397766566521195672e-06
2.397087721600607053e-06
2.397076703415762072e-06
2.397072503821943604e-06
2.397062981556506747e-06
2.397056867990758996e-06
2.397044097053669134e-06
2.397035314370678635e-06
2.397027013843224828e-06
2.397016699878527534e-06
2.396995987298378405e-06
2.396975901752189630e-06
2.396951051550903539e-06
2.396943035356784485e-06
2.396913640125699911e-06
2.396896116879777304e-06
2.396875082553569813e-06
2.396865938495579685e-06
2.396849883431278549e-06
2.396784579239370385e-06
2.396707342807954677e-06
2.396687576726696774e-06
2.396654736065044068e-06
2.396260209268969180e-06
2.396234307962587793e-06
2.396210794321735310e-06
2.396191993831928333e-06
2.396175634895612773e-06
2.396124267288257447e-06
2.396114688148155108e-06
2.396087430095355745e-06
2.394854973363305316e-06
2.394797157147487164e-06
2.394760453697145319e-06
2.394667446708752689e-06
2.394631812439453509e-06
2.394595257101754454e-06
2.394576006674101757e-06
2.394552769177308557e-06
2.394525167391049734e-06
2.394505842251944786e-06
2.392091443321861847e-06
2.392011329986112415e-06
2.391969799585329793e-06
2.391933626412709315e-06
2.391901717481745865e-06
2.391862791147937419e-06
2.391825066159897155e-06
2.391790897633027138e-06
2.391765471409831721e-06
2.391753838080277295e-06
2.391717578533023786e-06
2.391662132689176679e-06
2.391601942520791595e-06
2.391562118754526483e-06
2.391504973834584562e-06
2.391464143819835085e-06
2.391444882768441055e-06
2.391414778233843475e-06
2.391382609005704348e-06
2.391357395128720018e-06
2.389977660201165507e-06
2.389941456623588421e-06
2.389893256374792042e-06
2.389820127138038239e-06
2.388616757277104710e-06
2.388418497931447770e-06
2.388206957957599118e-06
2.388140126030873215e-06
2.388122133956724330e-06
2.388089006921991749e-06
2.388056992809838782e-06
2.388010929833693861e-06
2.387969963533356146e-06
2.387927402826010987e-06
2.387904057817511560e-06
2.387887870842810362e-06
2.387854814498160647e-06
2.387815456421924036e-06
2.387754210724725574e-06
2.387722324004076037e-06
2.387703367283944142e-06
2.386888778693008180e-06
2.386397917399602717e-06
2.386372670442878268e-06
2.386312748662776601e-06
2.386296155143062649e-06
2.385975826576840747e-06
2.385898065747751758e-06
2.385819246015495862e-06
2.385809415465891887e-06
2.385775529618647613e-06
2.385767535225292725e-06
2.385733208136357117e-06
2.385728808714109106e-06
2.385676849282508851e-06
2.385637471829143351e-06
2.385622008488982249e-06
2.385472790454188855e-06
2.385429446668695608e-06
2.385045430343726689e-06
2.385014542432735638e-06
2.384887463747278061e-06
2.384845860920443957e-06
2.384830121257210359e-06
2.384805866289118091e-06
2.384763725135999650e-06
2.384638945197936071e-06
2.384557296186734446e-06
2.384519005105270536e-06
2.384458746020065214e-06
2.384429351468428118e-06
2.384404015783234686e-06
2.384377624578740480e-06
2.380547170860791009e-06
2.380413644965426609e-06
2.380304738130069461e-06
2.380240994299985973e-06
2.380206391570506430e-06
2.380131685145273711e-06
2.380030964513182707e-06
2.380004391784740474e-06
2.379987388642144644e-06
2.379752086093220325e-06
2.379528530031398017e-06
2.379285670207784523e-06
2.378618582163381901e-06
2.378388258213758437e-06
2.378315861018500469e-06
2.377830229248833916e-06
2.377805710586168912e-06
2.377735312668665910e-06
2.377686119305087988e-06
2.377666549025244345e-06
2.377474300520755910e-06
2.377441463251292281e-06
2.377418047216928763e-06
2.377303348021173237e-06
2.377260471185521770e-06
2.377146782679783487e-06
2.376964132246118318e-06
2.376228296414566673e-06
2.376171849976597713e-06
2.376055479240641604e-06
2.375944067399946367e-06
2.375916091305750536e-06
2.375876242378889262e-06
2.375814667990685638e-06
2.375773776252668589e-06
2.375586704303304513e-06
2.375535032922066917e-06
2.375457294184155387e-06
2.375431846616903687e-06
2.375392252314890434e-06
2.375344108259864056e-06
2.375272571627233055e-06
2.375051666739073235e-06
2.374910902814451685e-06
2.374890619704727470e-06
2.374818909635224728e-06
2.374186102089004370e-06
2.374108926902942459e-06
2.374003817136423793e-06
2.373791753415635768e-06
2.373756325529977403e-06
2.373621976099449414e-06
2.373437112160806196e-06
2.373384728858721671e-06
2.372314604424999381e-06
2.371914051677566582e-06
2.371881993060403095e-06
2.371744285623362159e-06
2.371618797315028687e-06
2.371476670868633923e-06
2.371375057298479494e-06
2.370969243671363993e-06
2.370781923727655927e-06
2.370731382287625004e-06
2.370710307486052737e-06
2.370606342795124798e-06
2.370570636049303679e-06
2.370493525399239790e-06
2.370094390084080467e-06
2.370063287931540042e-06
2.369947681444539429e-06
2.369884771411064122e-06
2.369846981449102178e-06
2.369794141171034143e-06
2.369581291017521450e-06
2.369513216568846164e-06
2.369362369274561812e-06
2.369278292140542190e-06
2.369220431235774384e-06
2.369145222938203168e-06
2.368925831869193118e-06
2.368736086935744942e-06
2.368291805631517771e-06
2.368106382602220413e-06
2.368066825117427220e-06
2.367937213978239213e-06
2.367544641974406622e-06
2.367461514354527901e-06
2.367404219153386802e-06
2.367352345377102260e-06
2.367145555886431772e-06
2.367079047693822132e-06
2.366909365098443581e-06
2.366854900143706798e-06
2.366788003672503650e-06
2.366216930856823063e-06
2.366038775403863648e-06
2.365974115191438870e-06
2.365877936333385058e-06
2.365818547753856267e-06
2.365532547285820741e-06
2.365467904984760596e-06
2.365289337409618148e-06
2.365233074317695951e-06
2.365126990296524096e-06
2.364606461706307128e-06
2.364368257724487733e-06
2.364195649984477543e-06
2.364135577767701260e-06
2.363970891656610320e-06
2.363766135287735192e-06
2.363734078026449107e-06
2.363376267290627263e-06
2.363207132494168043e-06
2.363149796526600048e-06
2.362660763782079837e-06
2.362519520544958884e-06
2.362145167936420603e-06
2.362032670093830637e-06
2.361849280175013126e-06
2.361693213769666257e-06
2.361305014903129747e-06
2.361193255421778505e-06
2.360897473022175921e-06
2.360834865695565738e-06
2.360723875203143071e-06
2.360626734341958312e-06
2.360435917603943006e-06
2.360282066878338477e-06
2.359898540061077693e-06
2.359660130924667795e-06
2.359379713756680591e-06
2.359258490122250564e-06
2.359192407010833010e-06
2.359049207727067750e-06
2.358905285631950940e-06
2.358688967395856895e-06
2.358446801535373516e-06
2.358243610871429341e-06
2.358052453878504165e-06
2.357558149800158360e-06
2.357491251924620749e-06
2.357343428792009110e-06
2.357215642975528535e-06
2.356907105983590838e-06
2.356758693431684001e-06
2.356638208860352245e-06
2.356442546941286082e-06
2.356259061230910749e-06
2.356008001601045354e-06
2.355953888288435039e-06
2.355474275800770236e-06
2.355243791236745338e-06
2.354760227756471705e-06
2.354143758858839484e-06
2.353715134830921176e-06
2.352499023059514102e-06
2.352184114514458038e-06
2.351910635274970210e-06
2.351427423943304279e-06
2.350915916805258492e-06
2.350772792061161697e-06
2.350328485762988287e-06
2.349980065976141892e-06
2.349676648269006782e-06
2.349494605418649772e-06
2.349234365856661520e-06
2.348704258953565176e-06
2.348506310748900222e-06
2.348385277445289555e-06
2.348106476838628900e-06
2.347605401313819125e-06
2.347386555030637819e-06
2.347236285902385244e-06
2.347030960638937077e-06
2.346799058682774513e-06
2.345585149288267183e-06
2.345270131477600356e-06
2.344225885014833370e-06
2.343908078028330280e-06
2.343533132050284959e-06
2.343177601168791036e-06
2.343035284274588111e-06
2.342627572524025285e-06
2.342231363645849650e-06
2.341649780335503295e-06
2.341353727885178763e-06
2.341042666370024318e-06
2.340598089895537268e-06
2.339720248929303553e-06
2.339116541171496163e-06
2.337675785234815124e-06
2.337012959993741092e-06
2.336774272833178947e-06
2.336427435381476406e-06
2.336078166387518588e-06
2.335753208531944980e-06
2.335439992069381241e-06
2.335071131120711814e-06
2.334731749365566014e-06
2.334412585101126692e-06
2.333356101143945066e-06
2.333083904533785980e-06
2.332609498791209088e-06
2.332070231704214075e-06
2.331211728906622982e-06
2.330670490512582705e-06
2.330383387302049134e-06
2.329881255156915608e-06
2.329445354908042268e-06
2.326567528611748622e-06
2.325982069553051013e-06
2.325522811168960058e-06
2.325023013546192806e-06
2.324469018809773232e-06
2.323958845942553917e-06
2.323520661741943851e-06
2.322870635149668308e-06
2.321429782984553993e-06
2.319186108026927356e-06
2.318486593256815605e-06
2.317848432091481248e-06
2.317135288346460102e-06
2.316340428779679712e-06
2.315763625072262921e-06
2.315278728501941992e-06
2.314751809576445145e-06
2.313832528116207440e-06
2.313369878481704622e-06
2.312598870930010862e-06
2.311715165100787273e-06
2.310292084592418032e-06
2.309842920961533743e-06
2.308994021267696775e-06
2.308463816669441940e-06
2.307726245616167516e-06
2.307321053845262171e-06
2.306919775316658759e-06
2.305672582718716847e-06
2.304988915729010424e-06
2.303508318106563043e-06
2.302818196382753586e-06
2.301924549516406705e-06
2.301572999047751173e-06
2.300731911594098407e-06
2.299258895559096615e-06
2.297732037910266180e-06
2.296817166591930326e-06
2.296129923918084764e-06
2.295373290492253584e-06
2.294853449956555846e-06
2.293993442901246982e-06
2.293543680869097511e-06
2.293092086310938593e-06
2.292333588667967991e-06
2.291207431351806809e-06
2.290913148916701197e-06
2.288982335182149353e-06
2.287861823689009894e-06
2.287317578217889193e-06
2.285597523935333372e-06
2.284864920864670019e-06
2.284046315130428298e-06
2.283158580980609727e-06
2.282197283545511167e-06
2.281263499518955826e-06
2.280729394419250538e-06
2.280408530571991222e-06
2.279883581172549106e-06
2.279239258177013397e-06
2.278913909098290823e-06
2.277636704578842160e-06
2.276256173217472602e-06
2.275602466815233339e-06
2.275300223282073950e-06
2.274859690149203706e-06
2.273704725933245680e-06
2.272831386257112407e-06
2.272351712508869236e-06
2.271655429899214190e-06
2.271375885941860459e-06
2.270766788236166490e-06
2.270028046745480643e-06
2.269233021549527922e-06
2.269097474773922945e-06
2.268886422097228875e-06
2.268275082541281139e-06
2.267808909267326711e-06
2.267492311130766696e-06
2.267539105824466901e-06
