1.364937380075521708e-05
5.652431163980682627e-04
1.127271755762862017e-03
1.686892342027469230e-03
2.252131718859181481e-03
2.812554989490517396e-03
3.389031947456438206e-03
3.955074008654879160e-03
4.530748282254070183e-03
5.101606449652881618e-03
5.686912935652824012e-03
6.249744259384347987e-03
6.846288326518498724e-03
7.418751862650775804e-03
8.000044926817072299e-03
8.588562150283937310e-03
9.172263267550427937e-03
9.747937541149621563e-03
1.033083597404937937e-02
1.091614246004933043e-02
1.149984357731581933e-02
1.207310979781483010e-02
1.264075722774673019e-02
1.321803687007938599e-02
1.380976483101316668e-02
1.441032231998096852e-02
1.503094691811699898e-02
1.564836077878610857e-02
1.625052363648736911e-02
1.685669991602228163e-02
1.745565203625662476e-02
1.807948737185956917e-02
1.868405828266101604e-02
1.927257550612788278e-02
1.987875178566278142e-02
2.047609853716365891e-02
2.107264260429780878e-02
2.168363499003309047e-02
2.227215221349992946e-02
2.290080365530323611e-02
2.351821751597234222e-02
2.410111594887209829e-02
2.472093786264139420e-02
2.529580945187384633e-02
2.592847431551080842e-02
2.650575395784345381e-02
2.711835171231217687e-02
2.770686893577904014e-02
2.831625595278084231e-02
2.890397049188097450e-02
2.949810650591491723e-02
3.012434989461806184e-02
3.071688053991857015e-02
3.132385950382021028e-02
3.193003578335509851e-02
3.253059327232291770e-02
3.312874270819051586e-02
3.374214314702597001e-02
3.435634627022816912e-02
3.495128496862887763e-02
3.553016997969499907e-02
3.612189794062879017e-02
3.672807422016372003e-02
3.732301291856443548e-02
3.791474087949823352e-02
3.850004736549818285e-02
3.909578874826562939e-02
3.973166434936952623e-02
4.038439632217474123e-02
4.099779676101022313e-02
4.161199988421241530e-02
4.224386206348267059e-02
4.284120881498355848e-02
4.344016093521792243e-02
4.409209022365640634e-02
4.474401951209489026e-02
4.537106558516476595e-02
4.601416534556922872e-02
4.664683020920621509e-02
4.727467896664281494e-02
4.788888208984502098e-02
4.848221541951228120e-02
4.910123464891484601e-02
4.968333039744787794e-02
5.028870399261606977e-02
5.088926148158386814e-02
5.147055454575018979e-02
5.208074424711873346e-02
5.264678630831721301e-02
5.322486863501663112e-02
5.380214827734930427e-02
5.439548160701655755e-02
5.497597198681616198e-02
5.558295095071779518e-02
5.619394333645309075e-02
5.684908336235844351e-02
5.744081132329216521e-02
5.803013123112570754e-02
5.864754509179480324e-02
5.925612942442983616e-02
5.986471375706486214e-02
6.048373298646738533e-02
6.109552805656930791e-02
6.173541707950678387e-02
6.233757993720800278e-02
6.297907432887892010e-02
6.357802644911321466e-02
6.417858393808099915e-02
6.482007832975190953e-02
6.543909755915444659e-02
6.603243088882161660e-02
6.660730247805402016e-02
6.719983312335446601e-02
6.779878524358874670e-02
6.839613199508956520e-02
6.901434854012537812e-02
6.958681207625758147e-02
7.017934272155801345e-02
7.080317805716088153e-02
7.141256507416267330e-02
7.198502861029489053e-02
7.258638878362934366e-02
7.318534090386366597e-02
7.379312255213195393e-02
7.438324514433222734e-02
7.500467242683490909e-02
7.556268764436599450e-02
7.612150554626384569e-02
7.670681203226376033e-02
7.725358966866062438e-02
7.779234046139021919e-02
7.837042278808960261e-02
7.898783664875866362e-02
7.958197266279255777e-02
8.020420262966200531e-02
8.082723528089821863e-02
8.140612029196425681e-02
8.195851671892823154e-02
8.255024467986193937e-02
8.315240753756318604e-02
8.373209523299596224e-02
8.435432519986536815e-02
8.494765852953256591e-02
8.553938649046628762e-02
8.615037887620148604e-02
8.677100347433745753e-02
8.740286565360765036e-02
8.802188488301014579e-02
8.865214169354686258e-02
8.925671260434824006e-02
8.987252109628382502e-02
9.049154032568632045e-02
9.104875285885068170e-02
9.160516270764834657e-02
9.215755913461233517e-02
9.272119314271054513e-02
9.329686741630970059e-02
9.388297658667635326e-02
9.445222938534160451e-02
9.500703386540582107e-02
9.557708934843785198e-02
9.615035556893680724e-02
9.676134795467204730e-02
9.736030007490630023e-02
9.791510455497047516e-02
9.854696673424066800e-02
9.912023295473962325e-02
9.977938640247860369e-02
1.004040244224482237e-01
1.010431107610189894e-01
1.016701568340887957e-01
1.023132565944931960e-01
1.028792986556915784e-01
1.034036011298200275e-01
1.039648270848180511e-01
1.045549496770183384e-01
1.051547044816193571e-01
1.057568673393205760e-01
1.062811698134490668e-01
1.068399877153469180e-01
1.074461639948817437e-01
1.080314704808816584e-01
1.086191850199817455e-01
1.091932539248474110e-01
1.097809684639475120e-01
1.104304896992857055e-01
1.110687733534897331e-01
1.116717388955576762e-01
1.121976467384196152e-01
1.127877693306200690e-01
1.133642462885859209e-01
1.139318937185179320e-01
1.145300431543856967e-01
1.151225737996862397e-01
1.157488171883893635e-01
1.163293075681890582e-01
1.169659858536597069e-01
1.175825970299622242e-01
1.181984055218978369e-01
1.187997656952325259e-01
1.194043366060338340e-01
1.200000779888013847e-01
1.206054515839696528e-01
1.211947714918033270e-01
1.217672350279355026e-01
1.223742139918371497e-01
1.229707580589715077e-01
1.235689074948389671e-01
1.241774918274741041e-01
1.248077486380109874e-01
1.254195437081130349e-01
1.260514058873833387e-01
1.266623982731187037e-01
1.272830228712545919e-01
1.278731454634550457e-01
1.285435364923284141e-01
1.291408832438293297e-01
1.297687320012658740e-01
1.304246747115380967e-01
1.310758013156100577e-01
1.317494030819502671e-01
1.323692249957195144e-01
1.330259703903583779e-01
1.336482003572280197e-01
1.342816679052316331e-01
1.349745340963734164e-01
1.355807103759084087e-01
1.362109671864452642e-01
1.367898521975113857e-01
1.373486700994092924e-01
1.379692946975453194e-01
1.385594172897457454e-01
1.391760284660482905e-01
1.397484920021805077e-01
1.403426280162146655e-01
1.409520150332163324e-01
1.415477564159837720e-01
1.421418924300177911e-01
1.427336203909516099e-01
1.433550476734544166e-01
1.439387487907209662e-01
1.445641894950573381e-01
1.451543120872577364e-01
1.457532642074920448e-01
1.463265304279910139e-01
1.469110342296243710e-01
1.474586145503878898e-01
1.480728176735900958e-01
1.486605322126903495e-01
1.492634977547582509e-01
1.499025840933291553e-01
1.504694288388943868e-01
1.510507219030606529e-01
1.516304095984934985e-01
1.522686932526977066e-01
1.528548024230643732e-01
1.534682028618997163e-01
1.540727737727012603e-01
1.546532641525007745e-01
1.552634538538693876e-01
1.558535764460696471e-01
1.564613580943380877e-01
1.570627182676725409e-01
1.576753160221413541e-01
1.582413580833399169e-01
1.588001759852377126e-01
1.594649482235440396e-01
1.600630976594114852e-01
1.606773007826136357e-01
1.612786609559482831e-01
1.618719942856154115e-01
1.625126859929195977e-01
1.630947817414526435e-01
1.636704560150518128e-01
1.642750269258533846e-01
1.649117052113238946e-01
1.655074465940915007e-01
1.661160309267264712e-01
1.667189964687945114e-01
1.672713928957585972e-01
1.678751611221932505e-01
1.684612702925599448e-01
1.690144694038907269e-01
1.695949597836903522e-01
1.702107682756260620e-01
1.708065096583933906e-01
1.714014483567941061e-01
1.719779253147599718e-01
1.725214922136902029e-01
1.731244577557581044e-01
1.736816702889225350e-01
1.742549365094215874e-01
1.748378349423213851e-01
1.754359843781889416e-01
1.760341338140565537e-01
1.766122161407559510e-01
1.772199977890243361e-01
1.777723942159883386e-01
1.783657275456554947e-01
1.789662850346233069e-01
1.795491834675229659e-01
1.801505436408576133e-01
1.806876890648536627e-01
1.812617579697194670e-01
1.818727503554548874e-01
1.824981910597912316e-01
1.831115914986266857e-01
1.836776335598250542e-01
1.842693615207589009e-01
1.848763404846604785e-01
1.854849248172956155e-01
1.860894957280969930e-01
1.866587485267623137e-01
1.872312120628945586e-01
1.877860165429587891e-01
1.883584800790910341e-01
1.889494053556581565e-01
1.895515682133593893e-01
1.901312559087922349e-01
1.907486697694614763e-01
1.913147118306597338e-01
1.918799512074913227e-01
1.924893382244933226e-01
1.931123708757294943e-01
1.936960719929959329e-01
1.943335529628333336e-01
1.949646124577368300e-01
1.955764075278389469e-01
1.961681354887727380e-01
1.967253480219371686e-01
1.972769417645344470e-01
1.978542214068671201e-01
1.984050124650977021e-01
1.989525927858614429e-01
1.995427153780617857e-01
2.001296272327951209e-01
2.006764048691922209e-01
2.012360254554567407e-01
2.018189238883565662e-01
2.024419565395926823e-01
2.030224469193922521e-01
2.035716326088894690e-01
2.041216209827533268e-01
2.046595690911162668e-01
2.052240057835812703e-01
2.057635592606775754e-01
2.063312066906094200e-01
2.069036702267418593e-01
2.074785418159741379e-01
2.080293328742048864e-01
2.085993883572368202e-01
2.091236908313653386e-01
2.096969570518643633e-01
2.102734340098303678e-01
2.108009472214256996e-01
2.113886617605258145e-01
2.119707575090588880e-01
2.125568666794256101e-01
2.131678590651608363e-01
2.137226635452250945e-01
2.142943243969907263e-01
2.149261865762608359e-01
2.154842017937921572e-01
2.160727190172588852e-01
2.166186939692890112e-01
2.171726957649864898e-01
2.177748586226876670e-01
2.183296631027519807e-01
2.189229964324191924e-01
2.194729848062829669e-01
2.200534751860823979e-01
2.206058716130464281e-01
2.211382009308421603e-01
2.217210993637418470e-01
2.222999843748081072e-01
2.228202734271029217e-01
2.233863154883014290e-01
2.239363038621653701e-01
2.244573955988267422e-01
2.249576175419531754e-01
2.255019871252493258e-01
2.260407379179789067e-01
2.266324658789127811e-01
2.271760327778434008e-01
2.277179943080392677e-01
2.282390860447007508e-01
2.287730207312304587e-01
2.293117715239595678e-01
2.298673786883904391e-01
2.304109455873206425e-01
2.309424722207500946e-01
2.314451022169770056e-01
2.320047228032413589e-01
2.325787917081074407e-01
2.330613545951654708e-01
2.336908087213354079e-01
2.343034064758040547e-01
2.348100498938648362e-01
2.353431818960279032e-01
2.359316991194939928e-01
2.364808848089912929e-01
2.370445188170897388e-01
2.375672159224843927e-01
2.380971371871799525e-01
2.386310718737090775e-01
2.392195890971767769e-01
2.397727882085070039e-01
2.402866557858677476e-01
2.408647381125678943e-01
2.413906459554295558e-01
2.419390289605597710e-01
2.425219273934594022e-01
2.430727184516902339e-01
2.436475900409232342e-01
2.442160401552211091e-01
2.447347238387824753e-01
2.453047793218152695e-01
2.458579784331455798e-01
2.464192043881434369e-01
2.469435068622719276e-01
2.475191811358715133e-01
2.480755909846694973e-01
2.486303954647331449e-01
2.492068724226992882e-01
2.497833493806653760e-01
2.503598263386310196e-01
2.508945637095269521e-01
2.514509735583245198e-01
2.520683874189943441e-01
2.526183757928577855e-01
2.532012742257573890e-01
2.537705270244234868e-01
2.543421878761883415e-01
2.548279615007136290e-01
2.553643042403430652e-01
2.559070684549062946e-01
2.564385950883358856e-01
2.569484492438635082e-01
2.575177020425282182e-01
2.580420045166565424e-01
2.585735311500863554e-01
2.590946228867474499e-01
2.596189253608759406e-01
2.601624922598058109e-01
2.606908081557678947e-01
2.612183213673638371e-01
2.617121218355566437e-01
2.621890659320476602e-01
2.626812610315070184e-01
2.631991420307026597e-01
2.636929424988950221e-01
2.641859402827207992e-01
2.646893729633142955e-01
2.652072539625091596e-01
2.656930275870348357e-01
2.661916441614284867e-01
2.667303949541573460e-01
2.672033256288149361e-01
2.677476952121119469e-01
2.682752084237078893e-01
2.687649954700666033e-01
2.692587959382594098e-01
2.697164756099495464e-01
2.702857284086149225e-01
2.708589946291146133e-01
2.713808890501428484e-01
2.719637874830421187e-01
2.725009329070384179e-01
2.730741991275384972e-01
2.735607754364303146e-01
2.741003289135261478e-01
2.746254340720213905e-01
2.751673956022180345e-01
2.757398591383506403e-01
2.763211522025176836e-01
2.769048533197832063e-01
2.774741061184484714e-01
2.780200810704788195e-01
2.786085982939468519e-01
2.791802591457122062e-01
2.796515844516364591e-01
2.801999674567667298e-01
2.807684175710652985e-01
2.813135898387288947e-01
2.818531433158258936e-01
2.823814592117874778e-01
2.828760623643469252e-01
2.833754816231068285e-01
2.839021921503366852e-01
2.845019469549379676e-01
2.850045769511646565e-01
2.855457357969943266e-01
2.861495040234289244e-01
2.866192239606197290e-01
2.872318217150889863e-01
2.878115094105221927e-01
2.882780186102455455e-01
2.887421197568693643e-01
2.892816732339658636e-01
2.898380830827644306e-01
2.904177670386312027e-01
