1.364937380075521708e-05
2.081115073949554514e-03
4.187109623701358412e-03
6.314776651354848773e-03
8.462510788176579035e-03
1.061987713739907628e-02
1.275557100871987926e-02
1.497313868544705891e-02
1.722762984304379227e-02
1.945322436343825678e-02
2.168363499003309047e-02
2.391966440719498627e-02
2.616211529929074811e-02
2.838128834475133963e-02
3.059885602147851061e-02
3.284210959794101742e-02
3.504763700916725677e-02
3.724754562982645484e-02
3.949079920628900675e-02
4.181432121942448704e-02
4.409209022365640634e-02
4.644129813652721206e-02
4.874796377796138114e-02
5.095188582045417913e-02
5.311085753841020968e-02
5.527865878440026137e-02
5.756606000103277332e-02
5.980770820876167571e-02
6.209430674102734554e-02
6.438331332639322946e-02
6.660730247805402016e-02
6.883691042028192153e-02
7.104002977840774558e-02
7.325197866456760465e-02
7.544386044155922122e-02
7.752095835410859059e-02
7.971524818420046288e-02
8.189990580189157598e-02
8.410623589748433826e-02
8.634387068337950888e-02
8.865214169354686258e-02
9.086730131717360437e-02
9.294760996718988422e-02
9.506082867624210397e-02
9.723745945026586457e-02
9.945261907389266187e-02
1.018090511460637976e-01
1.038997946928475469e-01
1.060627798326369692e-01
1.082024871257912524e-01
1.104304896992857055e-01
1.126143446326101777e-01
1.147604734006986010e-01
1.170318209299969492e-01
1.192734691377261014e-01
1.214806019176860874e-01
1.236997749631467830e-01
1.259815573892124341e-01
1.282529049185107406e-01
1.306261933623835136e-01
1.330259703903583779e-01
1.354000615185979306e-01
1.375895352424898188e-01
1.397974707068164180e-01
1.420134330148103419e-01
1.442566865912728868e-01
1.464453576307978011e-01
1.486131588767878875e-01
1.508154755505472233e-01
1.530282271210741674e-01
1.552634538538693876e-01
1.574858376367970492e-01
1.596921677323900335e-01
1.619586991554875788e-01
1.641497782481127210e-01
1.663954398776754662e-01
1.685568196487316206e-01
1.707551229006573079e-01
1.728795791908439294e-01
1.750257079589322973e-01
1.772199977890243361e-01
1.793548889759782050e-01
1.814833586879984750e-01
1.837306256862945852e-01
1.859722738940236819e-01
1.880806764968755151e-01
1.902388455304647730e-01
1.924275165699897150e-01
1.947028775211213647e-01
1.969108129854479083e-01
1.989525927858614429e-01
2.010810624978816852e-01
2.032576932719057095e-01
2.052713791194837323e-01
2.073581092444339302e-01
2.094063105197812025e-01
2.114914352759980076e-01
2.136648553125551075e-01
2.158326565585451662e-01
2.179394537926634956e-01
2.200534751860823979e-01
2.221145194112973398e-01
2.241241918370415753e-01
2.260849005164144443e-01
2.281363125292285576e-01
2.301435769018725375e-01
2.321171285311143251e-01
2.342351633463666816e-01
2.362432304033775521e-01
2.382553108822218768e-01
2.402866557858677476e-01
2.423621483296840018e-01
2.444159683955983708e-01
2.464617616178455539e-01
2.485284246336277314e-01
2.506255896553456486e-01
2.527099117271955908e-01
2.547846015866447877e-01
2.567541397940535375e-01
2.587389290044286860e-01
2.606908081557678947e-01
2.625271007582987148e-01
2.643890792605649298e-01
2.662462416566315215e-01
2.681868832268369252e-01
2.700215704606338529e-01
2.720529153642799458e-01
2.740529555776237136e-01
2.760321259974330421e-01
2.781991245590562101e-01
2.801999674567667298e-01
2.821695056641750354e-01
2.841294116591828733e-01
2.861936666218644620e-01
2.881969175726751264e-01
2.901592316207834421e-01
2.922531859050339076e-01
2.943912878294555613e-01
2.965181521727432989e-01
2.986690970470318729e-01
3.009219828358956628e-01
3.031620256748913111e-01
3.052977195462129867e-01
3.076100039782138640e-01
3.097168012123326375e-01
3.118902212488908754e-01
3.138597594562987925e-01
3.158220735044060534e-01
3.177458587029110548e-01
3.196696439014164448e-01
3.217676116075012249e-01
3.237676518208442711e-01
3.257066880223172811e-01
3.277492705070964019e-01
3.297155979770391987e-01
3.319468112879999655e-01
3.339291924452754690e-01
3.359781964049891601e-01
3.380440567364058624e-01
3.401829613451943790e-01
3.423603948035841560e-01
3.445619087929775448e-01
3.467770684166041617e-01
3.489625287186632341e-01
3.511343433864870245e-01
3.531568587620987354e-01
3.553800452293937595e-01
3.576505900743247035e-01
3.599909684591633408e-01
3.623506112688015812e-01
3.645794165266627584e-01
3.668009976252238902e-01
3.690779639450885719e-01
3.715997489968076439e-01
3.740773864083550282e-01
3.765887365633048267e-01
3.788616894613368036e-01
3.812855470203142527e-01
3.838811790337720020e-01
3.860802849700636918e-01
3.883411976025942236e-01
3.903211707067696934e-01
3.924705102123257627e-01
3.946222577709819768e-01
3.968470496070105602e-01
3.991601367233777453e-01
4.012476695326948617e-01
4.035703888614637913e-01
4.058842786622000598e-01
4.082872664276416264e-01
4.106613575558807905e-01
4.129262836102450263e-01
4.150459237942320523e-01
4.172715183146255002e-01
4.194288846638493662e-01
4.218728093319940031e-01
4.242340575103660805e-01
4.265720278421024636e-01
4.290440464630838613e-01
4.313820167948198558e-01
4.336742341176539339e-01
4.359776890216210399e-01
4.386134552534152742e-01
4.410212591250566860e-01
4.434033770969632582e-01
4.458416829745414645e-01
4.483137015955215854e-01
4.507207027827986323e-01
4.530739241175057996e-01
4.555515615290510190e-01
4.576005654887670415e-01
4.600549250536820622e-01
4.625799208428634790e-01
4.651603018533559952e-01
4.677880412414834876e-01
4.704567175323111639e-01
4.731221830856776056e-01
4.756664432996628444e-01
4.783022095314551358e-01
4.809773072972225449e-01
4.835392265672778800e-01
4.860537874596932428e-01
4.884664074375386078e-01
4.910901334038364485e-01
4.935452956531096724e-01
4.960357760145260864e-01
4.985358885883453550e-01
5.011836950856397577e-01
5.034245406089998820e-01
5.058965592299839997e-01
5.082626235145594196e-01
5.105700918403603961e-01
5.130517426737394304e-01
5.153688432119437612e-01
5.179933718626072991e-01
5.204100052622806505e-01
5.227752668624847665e-01
5.251405284626937675e-01
5.274969605348681645e-01
5.298935268253758268e-01
5.324755132045962958e-01
5.348279318549369332e-01
5.374267746058621897e-01
5.397535073564692087e-01
5.419357569210550007e-01
5.442552655123565897e-01
5.465402586758936199e-01
5.486141458509753432e-01
5.512980731447773008e-01
5.537773159250567456e-01
5.562782311832380477e-01
5.587358014856200761e-01
5.613226039710439430e-01
5.640426520613482930e-01
5.665853069065991399e-01
5.689778597752707112e-01
5.715614515232265713e-01
5.742245090234924243e-01
5.766876981164418270e-01
5.794775797466512612e-01
5.821944170994785006e-01
5.847707846881343707e-01
5.875775226900449288e-01
5.901217829040317220e-01
5.925657075721793010e-01
5.949743141281912395e-01
5.975121528672395765e-01
6.002659137009425105e-01
6.026167269825511985e-01
6.053592502351206051e-01
6.078561520714714783e-01
6.105416847340057185e-01
6.132007288124312616e-01
6.156847876989121060e-01
6.182940653466028058e-01
6.208929080975301718e-01
6.234925535328215140e-01
6.261885210921217526e-01
6.290281691530679176e-01
6.318854762700744088e-01
6.346568961598457737e-01
6.372942677603760098e-01
6.401596017210542389e-01
6.428001840590494842e-01
6.455732093175581277e-01
6.481287071126800026e-01
6.508310961469075950e-01
6.536241885145813724e-01
6.563538688172856350e-01
6.589896350490792587e-01
6.616502844962416363e-01
6.641961500789648198e-01
6.665228828295710617e-01
6.690165739284492652e-01
6.717486622842486765e-01
6.742913171295017438e-01
6.771189249249489617e-01
6.797273998882732426e-01
6.823591526982332178e-01
6.850511068357015843e-01
6.874308167545110093e-01
6.899782877059599251e-01
6.928363975073366099e-01
6.957201932084533524e-01
6.982323460477731780e-01
7.010166088874114632e-01
7.035705013137989461e-01
7.063435265723071455e-01
7.091823719488820066e-01
7.117595422219022971e-01
7.142604574800845985e-01
7.169219096116188350e-01
7.193433591174975827e-01
7.218860139627498729e-01
7.245282016694777338e-01
7.273389530932220515e-01
7.299819434843175525e-01
7.325197822233672218e-01
7.356869255059350632e-01
7.383443642156347630e-01
7.408139747835165156e-01
7.436247262072576136e-01
7.465598937078418151e-01
7.492325834205079138e-01
7.522889562604662128e-01
7.552193076548491257e-01
7.582275194328041978e-01
7.609877017414464762e-01
7.633328962324845701e-01
7.662865254735032883e-01
7.685787427963379770e-01
7.712650781432383029e-01
7.740429195079433500e-01
7.772172869498077397e-01
7.798498424441353549e-01
7.827793911541570671e-01
7.858807143186536948e-01
7.886176187806561710e-01
7.916274359273458572e-01
7.942086196222049033e-01
7.971052582731853464e-01
7.997634996672446928e-01
8.026641517400601167e-01
8.057678829576633284e-01
8.086524813431429370e-01
8.116815629146336697e-01
8.145027492351433196e-01
8.171834657914774924e-01
8.197807031736690231e-01
8.228113901138885966e-01
8.256502354904644569e-01
8.284601842298445762e-01
8.313520067746245079e-01
8.343104521218432934e-01
8.371781941356229995e-01
8.399873401906340353e-01
8.431087304642964630e-01
8.458937959882992796e-01
8.485343783262946360e-01
8.513700129654099280e-01
8.542674543007569010e-01
8.574434271113602346e-01
8.599788577973125347e-01
8.630127554750079977e-01
8.660723390524337484e-01
8.691070394144893019e-01
8.721401344078145712e-01
8.751668079262120425e-01
8.781300693796307844e-01
8.810403536648457878e-01
8.834040098963195087e-01
8.864266699928791127e-01
8.892085247794178082e-01
8.922384090352722952e-01
8.945988545292794525e-01
8.973060596697177704e-01
9.004154096778835825e-01
9.034886388895394527e-01
9.064904291925574009e-01
9.093686061031015511e-01
9.121006944589047372e-01
9.152357303668113842e-01
9.179236710824301149e-01
9.208853271671187946e-01
9.237883872930281459e-01
9.266376675663652307e-01
9.298024027958382565e-01
9.326508803848257978e-01
9.357923377676442556e-01
9.387026220528513765e-01
9.409731668977795449e-01
9.440945571714464135e-01
9.472729380351512241e-01
9.500371337656299264e-01
9.532371871072214953e-01
9.563850659649871799e-01
9.595690656192457091e-01
9.624087136801827702e-01
9.654281630392804736e-01
9.683633305398723357e-01
9.714156899579882154e-01
9.742111903787572524e-01
9.771551874073723942e-01
9.803399897460036705e-01
9.831796378069509457e-01
9.860770791422965864e-01
9.883765206244290447e-01
9.916159055000013378e-01
9.947356904049269311e-01
9.978081169322171595e-01
1.000934323312093976e+00
1.004196183349927773e+00
1.007911560054963296e+00
1.011642990447336299e+00
1.015123180632927946e+00
1.018421161467283342e+00
1.022328379735965465e+00
1.025998003432105676e+00
1.029730236508839658e+00
1.033134171679589874e+00
1.036638442396201176e+00
1.040351411048132224e+00
1.044088460231072046e+00
1.047924239591118356e+00
1.051763229688642776e+00
1.055682488222835280e+00
1.059690844721729031e+00
1.063560336825178698e+00
1.066659251936569408e+00
1.069684320086229379e+00
1.072880360006009282e+00
1.076186367684007994e+00
1.080111245008757104e+00
1.084071440445650847e+00
1.087614240011854916e+00
1.091597713295381133e+00
1.095126064542972566e+00
1.098623913784630313e+00
1.102631467599153980e+00
1.106542699289688292e+00
1.110740489299134381e+00
1.114725567951393659e+00
1.118672117754046180e+00
1.122808101067258812e+00
1.127005088392345256e+00
1.131146690496111162e+00
1.135370166405284431e+00
1.139230828980706489e+00
1.143128415037010237e+00
1.146997907140457018e+00
1.151160379037762693e+00
1.155328469725636076e+00
1.159063110855479639e+00
1.163472006853374152e+00
1.167269257363825030e+00
1.171046440765100449e+00
1.175410386438453081e+00
1.179748646212094298e+00
1.184012256339606495e+00
1.188429179181158313e+00
1.192831653704114148e+00
1.197052721560210697e+00
1.201280210891218614e+00
1.205455525738395206e+00
1.209699871441107577e+00
1.214172179503979931e+00
1.218395655413162304e+00
1.222814986307818375e+00
1.227364352069891806e+00
1.231908099041391980e+00
1.236322613829872186e+00
1.240861544695171848e+00
1.245552182905782512e+00
1.250151315098582128e+00
1.254727169444778578e+00
1.259372857330851136e+00
1.263991253948458127e+00
1.268791859917311360e+00
1.273403835060009204e+00
1.278050325630440520e+00
1.282781098059391445e+00
1.287537556388077542e+00
1.292207324805171087e+00
1.296828932160242420e+00
1.301416024087552303e+00
1.305807261029379607e+00
1.310323716732417099e+00
1.313612868038724679e+00
1.317845976160303190e+00
1.322109586287816496e+00
1.326801829867161775e+00
1.331459558018759370e+00
1.335919825816113793e+00
1.340460362050151621e+00
1.345047453977457064e+00
1.349452336553531806e+00
1.353935079513155726e+00
1.358243639965214689e+00
1.362809862098985469e+00
1.367474814409864736e+00
1.372025781801113897e+00
