5.298775990218053400e-02
5.223143318624654668e-02
5.152501962828474197e-02
5.085049309685190505e-02
5.019947767085492646e-02
4.956627078874516895e-02
4.894820272451525650e-02
4.834368370146079064e-02
4.775112700363971785e-02
4.717060562841749599e-02
4.660036964070769783e-02
4.604125570018211683e-02
4.549161480241437072e-02
4.495201376345103750e-02
4.442190187122825595e-02
4.390025562916954893e-02
4.338706291114053509e-02
4.288188674305478537e-02
4.238464186485126767e-02
4.189597520040788670e-02
4.141488629069202398e-02
4.094141283872279602e-02
4.047495154818180063e-02
4.001490123021641393e-02
3.956188873538674794e-02
3.911501773265981668e-02
3.867435396932775160e-02
3.823957932186652919e-02
3.781067849664617592e-02
3.738862335045272517e-02
3.697286754669529274e-02
3.656315451387642107e-02
3.615899023926090472e-02
3.575992513831725839e-02
3.536600320333286446e-02
3.497797497459575328e-02
3.459502940733389514e-02
3.421683329912132004e-02
3.384381608272805236e-02
3.347569922708901885e-02
3.311224704421582288e-02
3.275303173843462090e-02
3.239812826869600815e-02
3.204760111312823789e-02
3.170159355153136238e-02
3.136042795936128807e-02
3.102346704505459449e-02
3.069066267686217792e-02
3.036205293530705104e-02
3.003786791436770590e-02
2.971766692841363786e-02
2.940142043948565723e-02
2.908944995499539860e-02
2.878180647150617097e-02
2.847804970993877277e-02
2.817820168762131400e-02
2.788184011167850820e-02
2.758924116368786927e-02
2.730024617842121901e-02
2.701427240142500324e-02
2.673140820132142645e-02
2.645193264112136178e-02
2.617588746926471227e-02
2.590283958065178402e-02
2.563277698317560638e-02
2.536567680271708397e-02
2.510192459193796161e-02
2.484166554175309613e-02
2.458492868763114542e-02
2.433160352149354652e-02
2.408208661002452650e-02
2.383591945390857794e-02
2.359252537546330936e-02
2.335230185251255947e-02
2.311497675062108501e-02
2.288066279677047551e-02
2.264921165306442441e-02
2.242057329880292257e-02
2.219461255484879783e-02
2.197135594710285245e-02
2.175080938748919987e-02
2.153285823229646179e-02
2.131729516680472974e-02
2.110395911264255353e-02
2.089292120184780069e-02
2.068412885304774657e-02
2.047755181195505883e-02
2.027325642235424871e-02
2.007108428859353047e-02
1.987111534356615292e-02
1.967317113870013096e-02
1.947723447931078850e-02
1.928348244663692992e-02
1.909184322773381168e-02
1.890234934274670833e-02
1.871505050968481909e-02
1.853004622456467382e-02
1.834720993008186543e-02
1.816651604517345933e-02
1.798798054104144839e-02
1.781165580099686868e-02
1.763728268973028743e-02
1.746486311971538752e-02
1.729451092032027043e-02
1.712604791987416483e-02
1.695956226150110296e-02
1.679506961017933689e-02
1.663254370367082957e-02
1.647198658228995680e-02
1.631339236503883544e-02
1.615666027398790852e-02
1.600173343765150941e-02
1.584851296125245126e-02
1.569693954311448397e-02
1.554720137269400768e-02
1.539927384775636489e-02
1.525297712214437190e-02
1.510838431258690155e-02
1.496548698171553185e-02
1.482412337594637974e-02
1.468433599192632208e-02
1.454608617189759139e-02
1.440942786360903220e-02
1.427439125385153960e-02
1.414092890798622146e-02
1.400903126293728644e-02
1.387877021184986612e-02
1.375003533419983000e-02
1.362281888809603082e-02
1.349692782328506743e-02
1.337233008138397766e-02
1.324908068338425532e-02
1.312717730454378458e-02
1.300673648555243297e-02
1.288766801698069085e-02
1.277008908701898413e-02
1.265396619394699301e-02
1.253924401448770591e-02
1.242575397982035278e-02
1.231359376776002337e-02
1.220281658546259508e-02
1.209343696131414368e-02
1.198534776853766096e-02
1.187854366414227252e-02
1.177302975106317082e-02
1.166875363820787243e-02
1.156568799991841527e-02
1.146369408329341207e-02
1.136277130502777802e-02
1.126292219984445335e-02
1.116418556406774398e-02
1.106650754051054578e-02
1.096984225138212914e-02
1.087416479177158099e-02
1.077942886236062624e-02
1.068564727294455015e-02
1.059290596554349380e-02
1.050112442321176134e-02
1.041023502269352793e-02
1.032025183443916437e-02
1.023117665691736233e-02
1.014299307035900280e-02
1.005581367968119352e-02
9.969607229722792993e-03
9.884347045534093781e-03
9.800009009431044638e-03
9.716649559234116426e-03
9.634305265343662966e-03
9.552895194622974470e-03
9.472427987610184882e-03
9.393032704350233464e-03
9.314559257282580690e-03
9.236996201016783870e-03
9.160276392855441069e-03
9.084346507893000314e-03
9.009268702641659229e-03
8.935001242969402985e-03
8.861527023804502759e-03
8.788766198233721044e-03
8.716762117588540762e-03
8.645541683564241311e-03
8.575143868526235655e-03
8.505510947194530255e-03
8.436648317149169490e-03
8.368544587513711622e-03
8.301146467223208605e-03
8.234406382393305926e-03
8.168374247363101304e-03
8.103001676991154409e-03
8.038300127707165982e-03
7.974186072766538749e-03
7.910709987123669407e-03
7.847869511637382139e-03
7.785665389763162490e-03
7.724067053348646072e-03
7.663089551653736245e-03
7.602724394517523625e-03
7.542927917013747541e-03
7.483689638956392970e-03
7.425102645121345497e-03
7.367087947538381552e-03
7.309629348795624974e-03
7.252710249328982693e-03
7.196352294861034504e-03
7.140520627080008606e-03
7.085195926260736375e-03
7.030371559355125255e-03
6.976058491551576611e-03
6.922285257776149628e-03
6.869028420464622434e-03
6.816288941164582241e-03
6.764086643375972173e-03
6.712477432096734808e-03
6.661397768081220479e-03
6.610820558857795001e-03
6.560783349145500425e-03
6.511280850560169538e-03
6.462324365394527328e-03
6.413824672621254094e-03
6.365780214212102620e-03
6.318241582230803982e-03
6.271241105542948828e-03
6.224750216184724884e-03
6.178814864227145064e-03
6.133430024234803879e-03
6.088534246991553558e-03
6.044067144068147358e-03
6.000026939073492896e-03
5.956420235603564900e-03
5.913223935557858184e-03
5.870454229592666703e-03
5.828118735748195195e-03
5.786219909173467846e-03
5.744723587553639613e-03
5.703594895340780881e-03
5.662790362784032860e-03
5.622365996446016673e-03
5.582332421960775962e-03
5.542654110169373781e-03
5.503352310095607595e-03
5.464448458870969222e-03
5.425939521570352295e-03
5.387814202684801553e-03
5.350036207261935767e-03
5.312598489545289696e-03
5.275525854896958439e-03
5.238819537889316882e-03
5.202429074639682190e-03
5.166388674200345782e-03
5.130691653444869119e-03
5.095345712830790311e-03
5.060342060931941575e-03
5.025631323291910625e-03
4.991215876262762238e-03
4.957159602536974352e-03
4.923400840875926700e-03
4.889920987457194862e-03
4.856744722044016235e-03
4.823861193365113452e-03
4.791255232635307192e-03
4.758927907010887005e-03
4.726873993744553151e-03
4.695078546071470259e-03
4.663588896355994398e-03
4.632384671142591830e-03
4.601442248855388412e-03
4.570799110148599832e-03
4.540429972732077518e-03
4.510327087299429577e-03
4.480480964867862917e-03
4.450907286485814712e-03
4.421602589113359828e-03
4.392569782397737557e-03
4.363821321295092460e-03
4.335360310665034404e-03
4.307176408598631726e-03
4.279224745750109977e-03
4.251516997597203085e-03
4.224043767823345077e-03
4.196802265996615704e-03
4.169794140937933304e-03
4.143043420012430984e-03
4.116572486693633078e-03
4.090413764234842285e-03
4.064513049350227530e-03
4.038849242563224452e-03
4.013406982170473168e-03
3.988198832021978314e-03
3.963212963504682100e-03
3.938461753376895462e-03
3.913943423960632682e-03
3.889662830284283061e-03
3.865584069489618520e-03
3.841714780476038812e-03
3.818059570043443388e-03
3.794607485554886851e-03
3.771362332883050443e-03
3.748320122324207051e-03
3.725487818432871804e-03
3.702869989362818793e-03
3.680454987968554727e-03
3.658240810173834373e-03
3.636220077756152549e-03
3.614389695440051436e-03
3.592758081608438906e-03
3.571341115556121541e-03
3.550123595000111761e-03
3.529096566862614803e-03
3.508253647821648995e-03
3.487610312533560158e-03
3.467168061395517649e-03
3.446913704519551872e-03
3.426861081601201720e-03
3.406982020292045193e-03
3.387262524590606456e-03
3.367733041900020704e-03
3.348392577024047415e-03
3.329241806195533220e-03
3.310261375539715317e-03
3.291470806552615393e-03
3.272857985870246660e-03
3.254404347262603459e-03
3.236110231672459370e-03
3.217978486469439195e-03
3.200002019439279147e-03
3.182176840386641455e-03
3.164513777929704903e-03
3.147018175665728616e-03
3.129683860959642846e-03
3.112503822558993112e-03
3.095456949546327753e-03
3.078546888827139207e-03
3.061782806126706058e-03
3.045165654804372034e-03
3.028697576708119527e-03
3.012384125889157067e-03
2.996215890026569361e-03
2.980183392324935523e-03
2.964281330155297666e-03
2.948509016556175900e-03
2.932870408271614614e-03
2.917367251571594423e-03
2.901988128911188024e-03
2.886742180278366755e-03
2.871628169672370105e-03
2.856651034374325417e-03
2.841802615963310782e-03
2.827083063899904231e-03
2.812502404841741004e-03
2.798046293081503291e-03
2.783735921952021960e-03
2.769549664485066419e-03
2.755484762688728464e-03
2.741545857354953705e-03
2.727728689338045857e-03
2.714029969237465641e-03
2.700440367495993838e-03
2.686979198222863401e-03
2.673632373696995228e-03
2.660409532318336844e-03
2.647295855189921946e-03
2.634302742735605916e-03
2.621434179452537643e-03
2.608676753431923498e-03
2.596023857235523705e-03
2.583479562446479218e-03
2.571048365535497093e-03
2.558732978476840111e-03
2.546533500028378642e-03
2.534446166576032576e-03
2.522465985124894196e-03
2.510599201169949699e-03
2.498840024689843922e-03
2.487191044632370424e-03
2.475646735734597127e-03
2.464222356288246155e-03
2.452901363935010119e-03
2.441684069122689732e-03
2.430570908769823669e-03
2.419557516783986395e-03
2.408651934297425818e-03
2.397840081043652732e-03
2.387131526007669514e-03
2.376525180992889071e-03
2.366012267937093756e-03
2.355595061757585415e-03
2.345286050471366915e-03
2.335076443555834588e-03
2.324949249944821984e-03
2.314911131594502448e-03
2.304958052971337566e-03
2.295080006121250332e-03
2.285292584336299365e-03
2.275591414712942358e-03
2.265983968296850747e-03
2.256464369408097120e-03
2.247039559962850114e-03
2.237697619079579998e-03
2.228442373902446080e-03
2.219273971459175595e-03
2.210189864578427071e-03
2.201185605227255499e-03
2.192263309697354851e-03
2.183422820916326203e-03
2.174661412817961281e-03
2.165983318193757598e-03
2.157394845491752110e-03
2.148878531457774389e-03
2.140442296503418818e-03
2.132078252513433265e-03
2.123788392821999906e-03
2.115583024048404634e-03
2.107453168670718902e-03
2.099401470495624537e-03
2.091422854958467636e-03
2.083521898675149125e-03
2.075687497944178617e-03
2.067930874461658408e-03
2.060244524643490682e-03
2.052617627048355150e-03
2.045063212575349426e-03
2.037590393680517586e-03
2.030194891633632735e-03
2.022865477490341964e-03
2.015608477929144507e-03
2.008430150477394718e-03
2.001326119206251961e-03
1.994285769739302834e-03
1.987311731978332833e-03
1.980408772331492939e-03
1.973572804055119621e-03
1.966802205723462704e-03
1.960092054436677906e-03
1.953446927772047297e-03
1.946862457077703536e-03
1.940333416527583290e-03
1.933866102786122292e-03
1.927461454087971322e-03
1.921117714791139436e-03
1.914831820766545959e-03
1.908601717803452965e-03
1.902428104882610905e-03
1.896312664356578038e-03
1.890253986208962310e-03
1.884258399831904764e-03
1.878320368385496099e-03
1.872432005091443155e-03
1.866594910025029790e-03
1.860806840394896690e-03
1.855073718620893312e-03
1.849393325509938405e-03
1.843763208454243015e-03
1.838180542433416349e-03
1.832646787253928771e-03
1.827162031768421457e-03
1.821723297413984201e-03
1.816336881699473840e-03
1.810998159056773906e-03
1.805711578513531992e-03
1.800477842970655282e-03
1.795288684672988579e-03
1.790137483859728781e-03
1.785028890750926930e-03
1.779965161576697440e-03
1.774941206350216360e-03
1.769960905848109523e-03
1.765029116226182098e-03
1.760138928957275103e-03
1.755292021214207351e-03
1.750487201739966319e-03
1.745723294115372054e-03
1.740999633725821404e-03
1.736311280144079957e-03
1.731659803852932111e-03
1.727045714577908316e-03
1.722469114044734720e-03
1.717933665201362139e-03
1.713436714294919692e-03
1.708980383083783363e-03
1.704569743496485261e-03
1.700193294382725895e-03
1.695858464971587232e-03
1.691558071852683432e-03
1.687294368686920610e-03
1.683064592181055235e-03
1.678863321481130835e-03
1.674696156921717414e-03
1.670563331635562020e-03
1.666464901900178552e-03
1.662398837407488665e-03
1.658366925719249180e-03
1.654368241406866096e-03
1.650400511835614257e-03
1.646466473252429724e-03
1.642561495490960392e-03
1.638690563808288623e-03
1.634852834432852465e-03
1.631048999111638868e-03
1.627272218575072024e-03
1.623520077012378503e-03
1.619890257801331196e-03
