5.298775990218052012e-02
5.039281960916566078e-02
4.810523345130129219e-02
4.598579898302063845e-02
4.400388099474130538e-02
4.213931847888707088e-02
4.038249175131549545e-02
3.871813706363048946e-02
3.713840832798310371e-02
3.564120984982833279e-02
3.421683329912134780e-02
3.286035213153266216e-02
3.156460106216419509e-02
3.032946207546297415e-02
2.915152136918403025e-02
2.802953381460460483e-02
2.695742076509238111e-02
2.593002823687944047e-02
2.494536068590893357e-02
2.400791151034632753e-02
2.311497675062109888e-02
2.226212115500364117e-02
2.144634898802515177e-02
2.066337155749213214e-02
1.991094302794540680e-02
1.918739628285790963e-02
1.849331120952409091e-02
1.782919529980397585e-02
1.719320126462650644e-02
1.658416877662910113e-02
1.600173343765151635e-02
1.544347731836819004e-02
1.490875078252647951e-02
1.439585463132819938e-02
1.390470718490327377e-02
1.343445711693365061e-02
1.298280770848678212e-02
1.255066282143188841e-02
1.213704487724622146e-02
1.174160967995377912e-02
1.136277130502778496e-02
1.099873781472255480e-02
1.064842036333845700e-02
1.031130771622858211e-02
9.986772441231767800e-03
9.675345379683451472e-03
9.377261048665307477e-03
9.091898744895136192e-03
8.817785545095111269e-03
8.554180087287392362e-03
8.301146467223212075e-03
8.057647381924000485e-03
7.822913549576501410e-03
7.596721782156668282e-03
7.378643959655509406e-03
7.168371274540149066e-03
6.965261252542070090e-03
6.769281195519756891e-03
6.580722660149462659e-03
6.399356793717132091e-03
6.224750216184730955e-03
6.057365048409232670e-03
5.896064315038461803e-03
5.740593582183673230e-03
5.590305944121334338e-03
5.445144083743884943e-03
5.305155353522763781e-03
5.169977018339770754e-03
5.039485140408238653e-03
4.913329453402457206e-03
4.791255232635310661e-03
4.673004615911658180e-03
4.558621054284918254e-03
4.447965434387916167e-03
4.341029415526440234e-03
4.237749417453034670e-03
4.137725761038844874e-03
4.041405566864402291e-03
3.948334866238877028e-03
3.858400995680507338e-03
3.771362332883053479e-03
3.687158292027352662e-03
3.605712930818210336e-03
3.527004204620379051e-03
3.450946884034800967e-03
3.377472031465214835e-03
3.306487586675675369e-03
3.237932299346139679e-03
3.171561813328405751e-03
3.107375451941793779e-03
3.045165654804374202e-03
2.984979147801480708e-03
2.926653536386204530e-03
2.870125038661654887e-03
2.815407944351028171e-03
2.762501111436339862e-03
2.711302743891585119e-03
2.661726732887555440e-03
2.613766349160257570e-03
2.567341618913923911e-03
2.522465985124898100e-03
2.479097213155602095e-03
2.437227643644818142e-03
2.396764510766319443e-03
2.357669058104030439e-03
2.319918853650809569e-03
2.283345972331982717e-03
2.247978111101207530e-03
2.213814053061574812e-03
2.180785394741056871e-03
2.148878531457777859e-03
2.118036560785588329e-03
2.088254747543102832e-03
2.059478992196121707e-03
2.031669120939297041e-03
2.004870282379179244e-03
1.979036691600322140e-03
1.954108891039386346e-03
1.930016317347197675e-03
1.906744409249157496e-03
1.884258399831907583e-03
1.862537504699079884e-03
1.841525332535923817e-03
1.821182033436257418e-03
1.801520631824165934e-03
1.782491189849639461e-03
1.764047662426230329e-03
1.746197970172763854e-03
1.728887920549391837e-03
1.712095283991567091e-03
1.695858464971589834e-03
1.680121162477283495e-03
1.664835691173080067e-03
1.650005576124735987e-03
1.635617639160388045e-03
1.621654644991204911e-03
1.608101916875571361e-03
1.594967820787759677e-03
1.582254918168464171e-03
1.569931963282675301e-03
1.558015072273531828e-03
1.546490590324444683e-03
1.535357449059192173e-03
1.524571223541805465e-03
1.514122095122007834e-03
1.503988701101545249e-03
1.494169804575307039e-03
1.484632189289476507e-03
1.475355180680945491e-03
1.466325260818717845e-03
1.457552530569489364e-03
1.449023429706477019e-03
1.440723777420897930e-03
1.432665088855054241e-03
1.424842207155758642e-03
1.417237543150753334e-03
1.409836916831247889e-03
1.402639971296535835e-03
1.395633297084899072e-03
1.388813213211053223e-03
1.382191912349033189e-03
1.375762160104348824e-03
1.369509159102756451e-03
1.363417735970243313e-03
1.357479412417567522e-03
1.351695871551034231e-03
1.346069773283117745e-03
1.340591853006307217e-03
1.335262521901124351e-03
1.330078530982977151e-03
1.325046772925368970e-03
1.320164055106001549e-03
1.315409016459670021e-03
1.310785379223009623e-03
1.306291626304566592e-03
1.301925718373393975e-03
1.297684628689821677e-03
1.293553830632834453e-03
1.289529770972261706e-03
1.285609704379552572e-03
1.281774451952157187e-03
1.278027735633215306e-03
1.274352943269491893e-03
1.270762330369270719e-03
1.267246199398340588e-03
1.263807621221219686e-03
1.260449812005593698e-03
1.257160412973866480e-03
1.253940737411627466e-03
1.250797726925157111e-03
1.247727478777024661e-03
1.244722819284337176e-03
1.241776039706429758e-03
1.238885647523978997e-03
1.236055792973339996e-03
1.233281650243741581e-03
1.230563941799846499e-03
1.227906201028775837e-03
1.225308708481291252e-03
1.222770848259386320e-03
1.220282635854254066e-03
1.217843625847982300e-03
1.215453674842454724e-03
1.213115831232559200e-03
1.210828442302749929e-03
1.208590559238547886e-03
1.206398356485279249e-03
1.204249414768225959e-03
1.202141195312164982e-03
1.200073371145358005e-03
1.198051195287665269e-03
1.196065027924573089e-03
1.194118415915990106e-03
1.192210413667585400e-03
1.190344684339604813e-03
1.188511645274748516e-03
1.186723649808836935e-03
1.184979754331389303e-03
1.183273321661777386e-03
1.181604413160760756e-03
1.179973679357950497e-03
1.178373872847864870e-03
1.176807710684395648e-03
1.175269648048739507e-03
1.173767426656977149e-03
1.172294798029210362e-03
1.170850642972738826e-03
1.169431798103084778e-03
1.168049147921436381e-03
1.166686829986019261e-03
1.165349429076059391e-03
1.164037386816823725e-03
1.162749058186713725e-03
1.161485802601523081e-03
1.160241797394860868e-03
1.159024887999578202e-03
1.157833480644810233e-03
1.156662071111811026e-03
1.155516241017095916e-03
1.154390271322823730e-03
1.153284600883390651e-03
1.152201260147850577e-03
1.151136605452629741e-03
1.150091317487316389e-03
1.149065956232067382e-03
1.148055951404007048e-03
1.147064255113239284e-03
1.146090877717956692e-03
1.145131121072943308e-03
1.144187669103457605e-03
1.143262060141927170e-03
1.142354196834407870e-03
1.141464905585273023e-03
1.140590907693563895e-03
1.139736423698776719e-03
1.138899535529921047e-03
1.138076556916348993e-03
1.137270537251837757e-03
1.136481639705090498e-03
1.135705019805325657e-03
1.134944427287957764e-03
1.134201232849700505e-03
1.133470627033554556e-03
1.132759422621422126e-03
1.132061659773623934e-03
1.131375806908429399e-03
1.130703833612219881e-03
1.130043610985855939e-03
1.129398669949568251e-03
1.128763312881077459e-03
1.128142951456202183e-03
1.127532167755761639e-03
1.126933530783872902e-03
1.126348011693983995e-03
1.125772609443799824e-03
1.125208287025919679e-03
1.124656667254442157e-03
1.124114182177805236e-03
1.123583972080217149e-03
1.123063265822196602e-03
1.122552303999316357e-03
1.122054590253803667e-03
1.121565241813160573e-03
1.121086027126564971e-03
1.120618963588792399e-03
1.120160212027855595e-03
1.119707132567343772e-03
1.119263552937582338e-03
1.118830371110152069e-03
1.118404534732813944e-03
1.117987139882865464e-03
1.117576365895680190e-03
1.117174210108222996e-03
1.116777057042336787e-03
1.116387067682132620e-03
1.116006529231483189e-03
1.115632209054395188e-03
1.115265750026201135e-03
1.114905581528722765e-03
1.114551750356565811e-03
1.114204573306757685e-03
1.113863787211802348e-03
1.113526901090919861e-03
1.113198170389808738e-03
1.112877051495785464e-03
1.112562245040083593e-03
1.112254657542775024e-03
1.111952010762774605e-03
1.111653719035532494e-03
1.111362602261826201e-03
1.111075945758521408e-03
1.110793702033001503e-03
1.110517036249456880e-03
1.110244139429051018e-03
1.109974505857435918e-03
1.109709888784056941e-03
1.109452034873283002e-03
1.109198500738112691e-03
1.108947346546724361e-03
1.108703354186703349e-03
1.108464293641321088e-03
1.108227822718598366e-03
1.107995170011708344e-03
1.107769871959609536e-03
1.107545849644006120e-03
1.107328368307673944e-03
1.107115340160870053e-03
1.106906967243188704e-03
1.106702544173018702e-03
1.106501597457910588e-03
1.106304137081620589e-03
1.106110746136163480e-03
1.105921047539935040e-03
1.105731322812688894e-03
1.105546633036285070e-03
1.105363977768580343e-03
1.105185905770988226e-03
1.105011430245639607e-03
1.104840112509008782e-03
1.104673216169437845e-03
1.104507654868979588e-03
1.104347013227367650e-03
1.104188108651129197e-03
1.104031861194097047e-03
1.103879949906397132e-03
1.103728797870708956e-03
1.103582931118097209e-03
1.103440526232940273e-03
1.103301521455962936e-03
1.103162133410807337e-03
1.103025499758927700e-03
1.102889533245102931e-03
1.102756676587775264e-03
1.102628551097511404e-03
1.102503289386429436e-03
1.102377224750022717e-03
1.102255237989429714e-03
1.102135695550807452e-03
1.102019286246322090e-03
1.101903897096605115e-03
1.101786642931905846e-03
1.101675081187455290e-03
1.101567351594486075e-03
1.101458970209549674e-03
1.101353014976963040e-03
1.101247059879138183e-03
1.101143289978546340e-03
1.101043794945953799e-03
1.100946082312007036e-03
1.100848071928130093e-03
1.100756630511457107e-03
1.100664561921551069e-03
1.100573712841495340e-03
1.100481332475448373e-03
1.100395155817472095e-03
1.100309085926656034e-03
1.100225059342521813e-03
1.100141463780160119e-03
1.100059719489963070e-03
1.099979379103742600e-03
1.099901808216080567e-03
1.099824511802327846e-03
1.099749757962173620e-03
1.099675559228396925e-03
1.099603734628727854e-03
1.099533831288227034e-03
1.099462082924415217e-03
1.099393283184812780e-03
1.099325353064089421e-03
1.099259666472222679e-03
1.099197198642772695e-03
1.099133573472730208e-03
1.099070052141332219e-03
1.099007784406184473e-03
1.098947615222915222e-03
1.098888667506773501e-03
1.098829893592015872e-03
1.098775402520343197e-03
1.098720180002285942e-03
1.098664223838384090e-03
1.098608984551371903e-03
1.098554520039909856e-03
1.098504134860323143e-03
1.098453571136110730e-03
1.098405852650670552e-03
1.098358011122417457e-03
1.098311673681035905e-03
1.098262577628330390e-03
1.098216276642296693e-03
1.098172591802694647e-03
1.098129012170041873e-03
1.098086031215757914e-03
1.098043484649483025e-03
1.098000611168423830e-03
1.097962667871890674e-03
1.097924681867827514e-03
1.097885538243592541e-03
1.097849318339246157e-03
1.097813787596767969e-03
1.097779037016770407e-03
1.097745011604580592e-03
1.097710488833242336e-03
1.097678837469789849e-03
1.097645354932388125e-03
1.097614498219181417e-03
1.097585283369616497e-03
1.097557923598942425e-03
1.097529431330988153e-03
1.097503584121568496e-03
1.097478051906214825e-03
1.097453867287170003e-03
1.097426981598067456e-03
1.097402595355566855e-03
1.097379139672676959e-03
1.097356727826883467e-03
1.097334353479591891e-03
1.097313261495763779e-03
1.097291978618592434e-03
1.097271480062079856e-03
1.097251175777523438e-03
1.097230448353534024e-03
1.097212171858573133e-03
1.097195497278304283e-03
1.097176835546403171e-03
1.097158225234880864e-03
1.097141423350103066e-03
1.097124885473985036e-03
1.097110362680015676e-03
1.097095648432759932e-03
1.097081854398743563e-03
1.097067976011483403e-03
1.097055129201128520e-03
1.097043078250936133e-03
1.097030804589383323e-03
1.097018001952826741e-03
1.097007335150435720e-03
1.096995898554950846e-03
1.096985866780954711e-03
1.096976157419461955e-03
1.096966457098317313e-03
1.096957579321709061e-03
1.096949014033878501e-03
1.096940512826689775e-03
1.096932717931861862e-03
1.096924370884488908e-03
1.096916999556423172e-03
1.096909782077004798e-03
1.096902068507689182e-03
1.096895549691970402e-03
1.096889057618256067e-03
1.096883296069715505e-03
1.096878316218816672e-03
1.096873126241943710e-03
1.096867780498729733e-03
1.096863202920250920e-03
1.096858830540363514e-03
1.096854669122203363e-03
1.096851155004654110e-03
1.096847283923452210e-03
1.096843460507311227e-03
1.096840706811040437e-03
1.096837456499694845e-03
1.096834839091215654e-03
1.096832379975780283e-03
1.096829982436484498e-03
1.096828064504662458e-03
1.096826084618897140e-03
1.096824934217508190e-03
1.096823022350372229e-03
1.096821719443992873e-03
1.096820357853778597e-03
1.096819306759366569e-03
1.096817908192880640e-03
1.096816644505119870e-03
1.096815817187087212e-03
1.096814733677995736e-03
1.096814029768820430e-03
1.096813210985896157e-03
1.096812247046790537e-03
1.096811078143517752e-03
1.096809540255397515e-03
