1.364937380075521708e-05
5.652431163980682627e-04
1.127271755762862017e-03
1.686892342027469230e-03
2.253737087592639320e-03
2.818976464424351788e-03
3.399466844223918063e-03
3.967114274155816855e-03
4.533156335354254773e-03
5.104817187119799031e-03
5.698150516787033222e-03
6.253757681217993886e-03
6.838261482851205192e-03
7.416343809550586877e-03
8.004058348650719065e-03
8.578127253516459189e-03
9.173868636283884909e-03
9.740713381849059119e-03
1.033324402714956916e-02
1.091212903821568193e-02
1.149181673364852926e-02
1.206106953231388806e-02
1.264316528084692172e-02
1.323168250431378500e-02
1.380735677791298383e-02
1.443360016661612150e-02
1.506144892405271093e-02
1.567806010035508943e-02
1.627942027368962929e-02
1.688960997505818684e-02
1.752628826052880090e-02
1.812202964329621968e-02
1.873061397593132546e-02
1.932715804306547533e-02
1.992691284766654261e-02
2.053951060213527954e-02
2.114087077546980553e-02
2.175908732050564273e-02
2.238372534047530435e-02
2.301719288847899406e-02
2.360410474321237434e-02
2.426325819095141029e-02
2.484776199258462506e-02
2.544831948155241302e-02
2.605770649855422907e-02
2.664863177512126827e-02
2.726444026705691567e-02
2.788265681209274940e-02
2.850488677896222123e-02
2.909500937116253280e-02
2.968914538519650675e-02
3.031859951136654449e-02
3.093360531893547122e-02
3.152934670170291082e-02
3.214676056237199958e-02
3.278183347910916534e-02
3.339603660231136445e-02
3.401184509424702573e-02
3.462845627054942504e-02
3.521857886274974009e-02
3.584723030455307796e-02
3.645661732155491830e-02
3.705717481052272361e-02
3.766495645879111565e-02
3.826631663212563816e-02
3.886928217419364368e-02
3.954850273110090825e-02
4.025501455647698817e-02
4.094627537888517743e-02
4.161024493282463460e-02
4.227100374929712578e-02
4.292774914393598928e-02
4.360536433210979862e-02
4.429903320761820890e-02
4.490922290898675256e-02
4.559887836266151434e-02
4.622512175136465895e-02
4.688347251473697769e-02
4.755306085924351084e-02
4.819375256654778034e-02
4.883524695821879480e-02
4.949199235285763748e-02
5.015275116933013561e-02
5.078782408606729443e-02
5.144216142760597854e-02
5.208285313491022722e-02
5.269866162684592320e-02
5.330082448454717681e-02
5.394552961368508093e-02
5.456294347435420439e-02
5.519721370672463212e-02
5.578332287709133336e-02
5.638869647225949050e-02
5.699085932996072329e-02
5.759783829386230791e-02
5.816066961759377291e-02
5.878851837503032418e-02
5.940352418259919193e-02
6.003779441496957803e-02
6.066082706620572196e-02
6.123248791797122892e-02
6.187799573147579474e-02
6.249460690777813160e-02
6.310479660914661282e-02
6.366762793287808475e-02
6.432517601188361689e-02
6.500760730625772255e-02
6.561699432325948655e-02
6.625929139929717659e-02
6.693770927183761987e-02
6.763057546297919498e-02
6.829695307001874827e-02
6.890874814012071248e-02
6.954301837249106388e-02
7.015962954879337299e-02
7.084928500246806538e-02
7.146188275693675374e-02
7.206404561463795877e-02
7.270313195320871058e-02
7.333258607937873097e-02
7.398130463035020032e-02
7.463644465625551838e-02
7.526589878242553877e-02
7.592023612396416044e-02
7.654647951266721484e-02
7.725780744424357027e-02
7.792097431381622696e-02
7.860099755509014630e-02
7.928824495566465236e-02
8.000358630907467017e-02
8.065230486004618116e-02
8.132510394201956927e-02
8.197141443989086618e-02
8.261772493776216308e-02
8.325921932943310122e-02
8.394967746747453163e-02
8.460963359958027785e-02
8.530089442198840466e-02
8.598493108509602800e-02
8.661759594873298662e-02
8.720370511909961153e-02
8.779944650186698174e-02
8.846582410890653503e-02
8.913460976904624689e-02
8.972232430814634785e-02
9.033973816881540886e-02
9.098604866668669189e-02
9.160908131792289133e-02
9.228027503116283115e-02
9.292096673846703125e-02
9.359456850480715739e-02
9.421358773420966670e-02
9.486953044448172279e-02
9.552306510165362030e-02
9.611800380005428024e-02
9.679882972569496535e-02
9.744032411736591737e-02
9.810349098693851855e-02
9.870164042280607508e-02
9.933831870827662669e-02
1.000087097371498146e-01
1.006518094975541594e-01
1.013085548921929535e-01
1.019620895493648510e-01
1.025939517286350577e-01
1.032161816955044636e-01
1.038657029308426433e-01
1.045272644316817962e-01
1.052209333071901232e-01
1.058343337460255495e-01
1.064613798190953142e-01
1.070988607889325761e-01
1.076978129091668568e-01
1.082911462388340684e-01
1.089077574151363914e-01
1.095580813348413507e-01
1.101746925111436876e-01
1.108025412685802180e-01
1.114263766041831277e-01
1.120855300519220943e-01
1.127109707562584523e-01
1.133219631419939422e-01
1.139128884185609120e-01
1.145471586509314577e-01
1.152127335736044672e-01
1.158903487617782696e-01
1.165583317375514100e-01
1.172174851852905153e-01
1.178878762141637032e-01
1.185871638802392658e-01
1.192230394813433153e-01
1.198516909231466809e-01
1.204803423649499911e-01
1.211627736593242494e-01
1.218620613253998675e-01
1.225509140947078357e-01
1.232461883389499302e-01
1.238619968308855290e-01
1.245339932284924012e-01
1.252405050538683284e-01
1.259068826609079927e-01
1.265403502089117171e-01
1.272075305003182999e-01
1.278562490512897276e-01
1.285081783397283295e-01
1.291576995750665646e-01
1.297847456481365791e-01
1.304125944055731512e-01
1.309970982072065637e-01
1.315807993244729746e-01
1.322279125067110650e-01
1.328340887862460573e-01
1.334161845347791309e-01
1.340873782480191678e-01
1.346461961499171855e-01
1.352941120165220279e-01
1.358898533992894120e-01
1.365482041626618903e-01
1.371270891737279007e-01
1.377822291996334270e-01
1.384325531193384418e-01
1.390363213457733449e-01
1.396914613716786491e-01
1.402936242293799651e-01
1.409431454647182558e-01
1.415075821571832038e-01
1.421932241890243587e-01
1.428250863682946348e-01
1.434770156567332922e-01
1.441072724672699534e-01
1.447375292778067535e-01
1.453485216635420352e-01
1.460165046393151755e-01
1.466531829247858520e-01
1.472890585258897211e-01
1.479554361329294965e-01
1.486153922650351733e-01
1.492231739133036417e-01
1.498181126117043294e-01
1.504507774753413296e-01
1.510577564392429906e-01
1.516270092379083390e-01
1.522797412107137205e-01
1.529533429770538189e-01
1.536116937404261029e-01
1.542531881320971243e-01
1.549797670666412941e-01
1.556220641426790674e-01
1.562531236375825916e-01
1.569130797696884627e-01
1.575585875831930494e-01
1.581864363406296492e-01
1.588367602603348305e-01
1.595103620266750399e-01
1.602289141175520237e-01
1.609362286272949527e-01
1.616282921340699563e-01
1.622432979416389420e-01
1.629498097670152301e-01
1.635921068430528091e-01
1.642737354530603155e-01
1.648574365703270039e-01
1.655519081302019302e-01
1.661516629348031848e-01
1.667401801582700238e-01
1.673230785911697105e-01
1.679701917734080785e-01
1.686437935397481214e-01
1.692957228281865567e-01
1.699275850074568883e-01
1.705682767147609913e-01
1.712362596905341316e-01
1.719210990380085347e-01
1.725601853765794391e-01
1.731406757563790089e-01
1.737885916229837957e-01
1.744405209114223698e-01
1.750547240346245481e-01
1.757058506386962315e-01
1.763625960333352893e-01
1.770024850562727792e-01
1.776664546102122433e-01
1.783392536921858396e-01
1.789261655469191192e-01
1.795997673132592731e-01
1.802653422359323798e-01
1.808939936777356206e-01
1.815483310192744226e-01
1.822468160009831639e-01
1.829003506581551586e-01
1.835257913624917248e-01
1.842082226568657055e-01
1.848280445706349806e-01
1.854679335935724982e-01
1.861439434130129633e-01
1.867517250612812652e-01
1.873739550281508237e-01
1.880170547885552934e-01
1.886312579117574717e-01
1.893064650468312127e-01
1.899311030668006939e-01
1.906127316768081170e-01
1.911924193722410736e-01
1.917937795455755823e-01
1.924168121968117262e-01
1.930302126356472914e-01
1.936684962898513884e-01
1.942409598259835779e-01
1.948559656335525914e-01
1.954822090222557707e-01
1.960827665112234719e-01
1.966728891034237592e-01
1.973240157074956369e-01
1.979574832554992780e-01
1.985700810099679248e-01
1.991770599738696690e-01
1.998498590558430987e-01
2.004383762793099932e-01
2.010260908184102191e-01
2.016531368914800948e-01
2.022312192181794366e-01
2.028630813974497127e-01
2.034748764675518851e-01
2.041075413311887188e-01
2.047008746608559859e-01
2.053640415304287536e-01
2.060336298749353701e-01
2.066494383668709411e-01
2.072869193367084251e-01
2.078770419289086013e-01
2.085337873235474648e-01
2.092025729836873571e-01
2.098063412101220104e-01
2.105024181387305515e-01
2.111134105244659442e-01
2.117420619662692682e-01
2.124060315202086491e-01
2.130716064428815892e-01
2.137604592121895020e-01
2.143208824828208570e-01
2.150410399424314556e-01
2.156464135375995295e-01
2.162389441829000447e-01
2.169165593710739304e-01
2.175114980694746458e-01
2.181441629331114795e-01
2.188153566463516553e-01
2.194793262002909251e-01
2.200654353706575639e-01
2.207125485528958486e-01
2.213251463073644676e-01
2.219425601680334870e-01
2.225471310788350865e-01
2.232086925796741839e-01
2.238718594492468961e-01
2.244724169382147638e-01
2.250609341616817693e-01
2.256911909722184029e-01
2.263463309981230409e-01
2.269284267466559757e-01
2.275891855631283212e-01
2.282627873294683640e-01
2.289548508362438395e-01
2.295409600066108391e-01
2.301840597670144761e-01
2.307733796748484278e-01
2.314028338010183927e-01
2.320611845643899829e-01
2.326633474220909659e-01
2.332895908107942562e-01
2.339519549960001055e-01
2.345404722194670277e-01
2.352156793545418512e-01
2.358491469025442988e-01
2.364400721791113935e-01
2.371168846829191934e-01
2.377800515524911562e-01
2.383942546756926684e-01
2.390815020762671050e-01
2.396884810401689325e-01
2.402818143698360887e-01
2.409305329208080715e-01
2.415013910882072568e-01
2.421404774267772730e-01
2.427281919658775544e-01
2.433720944106493866e-01
2.439533874748150977e-01
2.445884603915515765e-01
2.451793856681184214e-01
2.457767324196194203e-01
2.464639798201940513e-01
2.471223305835662798e-01
2.477461659191701471e-01
2.483386965644703848e-01
2.489272137879368629e-01
2.496024209230109647e-01
2.501989649901450452e-01
2.507882848979781643e-01
2.513495108529756883e-01
2.519902025602797080e-01
2.526204593708167301e-01
2.533036933495575460e-01
2.538713407794897514e-01
2.544967814838270947e-01
2.550756664948922725e-01
2.557669273173004409e-01
2.563731035968356831e-01
2.569511859235351081e-01
2.576199715836744453e-01
2.582253451788419918e-01
2.588523912519117287e-01
2.595211769120515100e-01
2.601474203007548280e-01
2.607993495891932634e-01
2.614609110900333877e-01
2.621168538003049719e-01
2.627695857731098261e-01
2.633837888963126428e-01
2.640903007216885423e-01
2.646908582106558550e-01
2.653700787675625228e-01
2.659449503567949957e-01
2.665952742764999273e-01
2.672616518835396748e-01
2.679175945938121473e-01
2.685952097819865325e-01
2.692005833771538015e-01
2.698364589782576983e-01
2.704627023669612385e-01
2.711098155491997175e-01
2.717007408257660073e-01
2.723237734770018181e-01
2.729837296091076060e-01
2.736051568916103016e-01
2.742867855016177248e-01
2.749226611027221767e-01
2.754718467922199765e-01
2.761045116558563661e-01
2.767267416227254806e-01
2.773272991116939035e-01
2.779053814383936616e-01
2.785099523491946227e-01
2.791378011066307785e-01
2.797407666486984024e-01
2.804007227808041902e-01
2.810261634851407009e-01
2.815881921245053099e-01
2.820988489643999619e-01
2.827210789312701866e-01
2.833055827329028498e-01
2.839575120213408965e-01
2.845532534041082529e-01
2.851497974712431382e-01
2.857631979100787589e-01
2.863485043960781740e-01
2.869145464572760984e-01
2.875921616454498730e-01
2.883067003144930696e-01
2.889144819627613159e-01
2.895487521951318199e-01
2.901693767932682078e-01
2.907988309194389775e-01
2.913945723022056677e-01
2.919501794666361505e-01
2.926285973391768436e-01
2.932452085154800825e-01
2.939091780694190748e-01
2.944495342308817709e-01
2.951127011004538447e-01
2.957293122767564175e-01
2.963274617126240851e-01
2.968654098209868586e-01
2.975205498468922460e-01
2.981162912296602685e-01
2.987714312555665996e-01
2.994594813405069278e-01
3.000327475610057859e-01
3.006790580588775685e-01
3.013374088222505742e-01
3.019299394675506454e-01
3.025746445966880915e-01
3.031318571298521336e-01
3.037187689845855521e-01
3.043345774765214284e-01
3.049367403342228000e-01
3.055926830444947173e-01
3.062277559612323619e-01
3.068772771965712631e-01
3.075107447445746267e-01
3.081177237084757881e-01
3.087584154157800853e-01
3.093573675360152264e-01
3.100076914557202135e-01
3.106130650508879265e-01
3.112224520678892326e-01
3.118085612382557881e-01
3.123721952463539009e-01
3.129647258916545827e-01
3.136190632331932182e-01
3.142099885097605072e-01
3.147415114036238304e-01
