1.364937380075521708e-05
2.081115073949555382e-03
4.193531098635193237e-03
6.315579335721577259e-03
8.454483944509290708e-03
1.061827176866561757e-02
1.274914953378604617e-02
1.499641653208221188e-02
1.727097479884717041e-02
1.951342569094295654e-02
2.175908732050564273e-02
2.405933148700588331e-02
2.630579580093529365e-02
2.856751111783252875e-02
3.080032979752754876e-02
3.307328269555904338e-02
3.534302485612364486e-02
3.759831869808714921e-02
3.995796150772541744e-02
4.245325797534096890e-02
4.490922290898675256e-02
4.734672610219779754e-02
4.974971386763946124e-02
5.213102915517942026e-02
5.443368137477993390e-02
5.669218595421032098e-02
5.890734557783711134e-02
6.117628505403473888e-02
6.343478963346486921e-02
6.581449955227117177e-02
6.829695307001874827e-02
7.064214756105564874e-02
7.293195683078823599e-02
7.532531238382893235e-02
7.779251489860868063e-02
8.036005295922958591e-02
8.274297361550279895e-02
8.523104592381754163e-02
8.756018672751994525e-02
8.991019732475727388e-02
9.228027503116283115e-02
9.468968427153806600e-02
9.708625056204571446e-02
9.941137794391441407e-02
1.018504865058586090e-01
1.042245776340977315e-01
1.065866284968359362e-01
1.088475411293662876e-01
1.111879195142028293e-01
1.135146522648051853e-01
1.158903487617782696e-01
1.183728022795263318e-01
1.207252209298642909e-01
1.233047992559866274e-01
1.257511319772317004e-01
1.281782002736752690e-01
1.305225920803459172e-01
1.327939396096441682e-01
1.350339824486401219e-01
1.373165675590723445e-01
1.396914613716786491e-01
1.419764545352111551e-01
1.443529537165507692e-01
1.467117938418225354e-01
1.491011359730298746e-01
1.513395734432921025e-01
1.537353370494333460e-01
1.561856831925119149e-01
1.585653931113184811e-01
1.611337338563066379e-01
1.635921068430528091e-01
1.659798436055267556e-01
1.682311240256567364e-01
1.706148473662967568e-01
1.730379022409068435e-01
1.754071772629458570e-01
1.778173891876882462e-01
1.802115474250960692e-01
1.826209566654715677e-01
1.850239444309131898e-01
1.873739550281508237e-01
1.897360058908892366e-01
1.920418688479566538e-01
1.943116110085211790e-01
1.965444296882162267e-01
1.988430684859831266e-01
2.011714066053190975e-01
2.034218843410822986e-01
2.057783164132536424e-01
2.080970223201887292e-01
2.105024181387305515e-01
2.128508233672347927e-01
2.152987614572133279e-01
2.175644901959442046e-01
2.199514242740511494e-01
2.222259825408161305e-01
2.245856253504545097e-01
2.268955017293546317e-01
2.293081217071978872e-01
2.315915095019958347e-01
2.339519549960001055e-01
2.362899253277367939e-01
2.386712406152758925e-01
2.409779062567106167e-01
2.432653074733434617e-01
2.454941127312035010e-01
2.478561635939431906e-01
2.501347352825413761e-01
2.523539083280008088e-01
2.546718115505701152e-01
2.569511859235351081e-01
2.593052099426051416e-01
2.617081977080477073e-01
2.641577411667591635e-01
2.664852766017271057e-01
2.689083314763375809e-01
2.712246293301726618e-01
2.735441379214735291e-01
2.758146827664058054e-01
2.780539229210347019e-01
2.804007227808041902e-01
2.825340085990257766e-01
2.847852890191551190e-01
2.870060674333485551e-01
2.894098578831567070e-01
2.916731785687874390e-01
2.940135569536246885e-01
2.962263085241508276e-01
2.985257500062855063e-01
3.008709444973224345e-01
3.031318571298521336e-01
3.054056127122505293e-01
3.077837172623238970e-01
3.100654996883902004e-01
3.122517626748136932e-01
3.144942135669101524e-01
3.167157946654706180e-01
3.189421918702325387e-01
3.212143420838969310e-01
3.235378640970330566e-01
3.257658666705280925e-01
3.280974155273295167e-01
3.303960543250965554e-01
3.326995092290638834e-01
3.350599547230694863e-01
3.373666203645027117e-01
3.395825826724974128e-01
3.417776751869554541e-01
3.440594576130213134e-01
3.465780319272719900e-01
3.489352666838105854e-01
3.513478866616540630e-01
3.537524797958283562e-01
3.562068393607408234e-01
3.585311640582433679e-01
3.608900041835165218e-01
3.633700496481634401e-01
3.656799260270651719e-01
3.679881970372330668e-01
3.703245620002375005e-01
3.727114960783437514e-01
3.750847845222163301e-01
3.773473025234811984e-01
3.796451386368813186e-01
3.818354150451405693e-01
3.841420806865741278e-01
3.864840644401446590e-01
3.887899273972120207e-01
3.912499057526929724e-01
3.936633284149014811e-01
3.961273201922142495e-01
3.984901737393201637e-01
4.007575078467850438e-01
4.030930701254218373e-01
4.054005384512224253e-01
4.077176389894249242e-01
4.098404899108775701e-01
4.122402669388539609e-01
4.145629862676216693e-01
4.169154049179593646e-01
4.193673564297720202e-01
4.218787065847233175e-01
4.242094527571600437e-01
4.266951170123740034e-01
4.292177047484584396e-01
4.317956777058473694e-01
4.342251540553924705e-01
4.367774411130466161e-01
4.393160825364646471e-01
4.417768635763112406e-01
4.442055372414884795e-01
4.467297303463064195e-01
4.492812147195947015e-01
4.519844064381947080e-01
4.544789002214489337e-01
4.569196141521216226e-01
4.593579200296982190e-01
4.618516111285846382e-01
4.644777451479827346e-01
4.671488294919050044e-01
4.696385071689538337e-01
4.722919324568194965e-01
4.748257577740406243e-01
4.774270085780603634e-01
4.801293976122934515e-01
4.827033571478512863e-01
4.852789220521424030e-01
4.879644547146680389e-01
4.904637646041174470e-01
4.931019388890151567e-01
4.957449292801147100e-01
4.984762149515416518e-01
5.011095731302344092e-01
5.037477474151308421e-01
5.063080613164563371e-01
5.087953309404020796e-01
5.114214649597930151e-01
5.139207748492435890e-01
5.164794833818335817e-01
5.190357838613242070e-01
5.217197111551156175e-01
5.243546747025418231e-01
5.270361939432403053e-01
5.295603870480642961e-01
5.321897318049233494e-01
5.347211490690385594e-01
5.372830683390934503e-01
5.398473956622502623e-01
5.425216907436526403e-01
5.451229415476718243e-01
5.476607802867237140e-01
5.503358780524880700e-01
5.530446885616590036e-01
5.557518937020937688e-01
5.585449860697603297e-01
5.611815549859210384e-01
5.637474876778115762e-01
5.663069988947676547e-01
5.691097234748463407e-01
5.717366601786009195e-01
5.746389176201478488e-01
5.772337469492403450e-01
5.799794809392782025e-01
5.827862189411889826e-01
5.855712844651890236e-01
5.882969513460560851e-01
5.911831551002699747e-01
5.938365803881365812e-01
5.966272647027132114e-01
5.993505235304753542e-01
6.020055541870699134e-01
6.045867378819270721e-01
6.073998973587705352e-01
6.101496447706454829e-01
6.128753116515103239e-01
6.153970967032255102e-01
6.177455019317311669e-01
6.204061513788948767e-01
6.229961646017883048e-01
6.258277858190696152e-01
6.285478339093651945e-01
6.312951732681317818e-01
6.339453878185269398e-01
6.365546654662209702e-01
6.392450142349541675e-01
6.418181710861463607e-01
6.445004930112094854e-01
6.472502404230757733e-01
6.499349704012398199e-01
6.526598345977430160e-01
6.554063712721477364e-01
6.583062206605986288e-01
6.611843975711440002e-01
6.640641798504198778e-01
6.669158681768646568e-01
6.694232049099829718e-01
6.720710114072777630e-01
6.747910594975833343e-01
6.775424122781885661e-01
6.802809221089183289e-01
6.831149513792942329e-01
6.859249001186704664e-01
6.887878260262484398e-01
6.916740297804626625e-01
6.945770899063822279e-01
6.974777419791956534e-01
7.004096987423080733e-01
7.033191803431572131e-01
7.061716713539700763e-01
7.088692442820019313e-01
7.114648762954600691e-01
7.140075311407181324e-01
7.166898530657849209e-01
7.192148488549655605e-01
7.220938284498760185e-01
7.247055141506695275e-01
7.273163971670959516e-01
7.299385177646551259e-01
7.324803699255432177e-01
7.352220904937487589e-01
7.380545143953921583e-01
7.407296121611509632e-01
7.435227045288235193e-01
7.461921835040216111e-01
7.490318315649648895e-01
7.517277991242632407e-01
7.544117264180626448e-01
7.569640134757187333e-01
7.596832588816561094e-01
7.624000962344859023e-01
7.651000772156155705e-01
7.679726353355942337e-01
7.706027827768238136e-01
7.733388845544592050e-01
7.760926453881615839e-01
7.789298853960078262e-01
7.815608355216040470e-01
7.842704487151329618e-01
7.871430068351086273e-01
7.898742925065427301e-01
7.926111969685488701e-01
7.952188692475062881e-01
7.980175804057459965e-01
8.008443855168247971e-01
8.035082457014587343e-01
8.062620065351563392e-01
8.091064707022970204e-01
8.118802986451685300e-01
8.147520540807848821e-01
8.174632726430495211e-01
8.204594441555042028e-01
8.233657150188907758e-01
8.260656960000254401e-01
8.286661441196787603e-01
8.313259908824719435e-01
8.339561383236996361e-01
8.366376575643993396e-01
8.394050640323358348e-01
8.422888597334485805e-01
8.451718527502003475e-01
8.479063491591032342e-01
8.504634523229519516e-01
8.527974092328549638e-01
8.553777902433457037e-01
8.579421175665029597e-01
8.604342032966521003e-01
8.630779963721134651e-01
8.655917545801686819e-01
8.683262509890729008e-01
8.710270346545659903e-01
8.737165807389293271e-01
8.764366288292304574e-01
8.791149373324639305e-01
8.818839491691337074e-01
8.844089449583191209e-01
8.872245124882633949e-01
8.901725229387179583e-01
8.928291589640431347e-01
8.954360285586318025e-01
8.981962108672686407e-01
9.008287663616018071e-01
9.033802507348818178e-01
9.062495981173886994e-01
9.088909831397463668e-01
9.117844110532665747e-01
9.144265987599999868e-01
9.172277179713260731e-01
9.199092372120211136e-01
9.226694195206565086e-01
9.255524125373962852e-01
9.282459720435932704e-01
9.309868899274393872e-01
9.338393809382476984e-01
9.367520732765550751e-01
9.396888461458646757e-01
9.426031438529114403e-01
9.453866040081823074e-01
9.481058494141235693e-01
9.511060343484041280e-01
9.539183911408807282e-01
9.569298136562971457e-01
9.599251824843745284e-01
9.626661003682086548e-01
9.654929054792971144e-01
9.682522851035600953e-01
9.712131385038784703e-01
9.742069019632292326e-01
9.771492936231113147e-01
9.800314839554871149e-01
9.829891266183460319e-01
9.861217544731357698e-01
9.891468226227938532e-01
9.922963068492888228e-01
9.949465213996779855e-01
9.975012165104349959e-01
1.000023804246531256e+00
1.003211014638254017e+00
1.006050662699194742e+00
1.009088573798716970e+00
1.011843137316782659e+00
1.014909142369142092e+00
1.017841901816634920e+00
1.020634994184299815e+00
1.023554910681921060e+00
1.026712421752074889e+00
1.030012007955145359e+00
1.032902225131197005e+00
1.036281277086592789e+00
1.039626616298563899e+00
1.043120452118385222e+00
1.046273949766719946e+00
1.049284569597772832e+00
1.052640343706528592e+00
1.055886952741393214e+00
1.059170485257137306e+00
1.061814278332595451e+00
1.065201357131637661e+00
1.068508970178394302e+00
1.071770830216240533e+00
1.074596029958569066e+00
1.077804912828200568e+00
1.080854864193225850e+00
1.084205822195773550e+00
1.087311961466481458e+00
1.090878038879306233e+00
1.094348596852498412e+00
1.097907450106017535e+00
1.101143624244118824e+00
1.104724952659936088e+00
1.108491701164440180e+00
1.112175773179179927e+00
1.115766733807375122e+00
1.119569603108394817e+00
1.123179828161402494e+00
1.127001159202843938e+00
1.130164289063579242e+00
1.134008095267290850e+00
1.137376712325905093e+00
1.140940381685652039e+00
1.144239165204356645e+00
1.147569253413361690e+00
1.151029376489776546e+00
1.154682143814216522e+00
1.158405547362937993e+00
1.161439445040616913e+00
1.164993482187947293e+00
1.168745782373856956e+00
1.172571929521504241e+00
1.176482358527669136e+00
1.180009907090887822e+00
1.183788695860904960e+00
1.187635712802082910e+00
1.191818251808560047e+00
1.195693362702598517e+00
1.199228938109487164e+00
1.202375211598509797e+00
1.205922024586534302e+00
1.209225624211444750e+00
1.212742737877914756e+00
1.216580925291059323e+00
1.220378175801510867e+00
1.224480446371314812e+00
1.228177361335920814e+00
1.232277223852630943e+00
1.236036748197834934e+00
1.239638946407173759e+00
1.243847973997748602e+00
1.247921347930347258e+00
1.251754719237315072e+00
1.255399459718081312e+00
1.258919784122009000e+00
1.262240240118615020e+00
1.265856886646544055e+00
1.269816279399082815e+00
1.273859151325746453e+00
1.277784028650507331e+00
1.282045230724920382e+00
1.286460548197750020e+00
1.290953726054161921e+00
1.295431652907587550e+00
1.299492986574690256e+00
1.303888236938345324e+00
1.307736056563899574e+00
1.311916187517284449e+00
1.316396522423823434e+00
1.320941874764048896e+00
1.325093109080217824e+00
1.329412907113420861e+00
1.333902874232350655e+00
1.337688084477298478e+00
1.341368143070198249e+00
1.345476835114933767e+00
1.349729207661332087e+00
1.353370737404620217e+00
1.357054809419363961e+00
1.361095273292927121e+00
1.365034598936277099e+00
1.368701814579320830e+00
1.371871365914991703e+00
1.374123449019480692e+00
1.376760816880449712e+00
