1.379908223970304770e-01
1.337727823523639781e-01
1.300067775631014722e-01
1.264789373180233156e-01
1.231504619990621829e-01
1.199886897807719149e-01
1.169814535786234122e-01
1.141033350449897343e-01
1.113460381738507199e-01
1.087019723514472958e-01
1.061617774680855691e-01
1.037156410787266059e-01
1.013559296084691475e-01
9.908225714863977407e-02
9.688874298292721177e-02
9.477790659580806465e-02
9.273956879052959457e-02
9.076182246647540586e-02
8.884230967008431568e-02
8.698329447873162645e-02
8.518878019120085243e-02
8.345643288245151170e-02
8.178298409042500383e-02
8.016029479076691722e-02
7.858168851948928169e-02
7.704601383771388090e-02
7.554956618234118237e-02
7.409521551033057540e-02
7.268292857771373183e-02
7.131277436951306836e-02
6.998307634945029332e-02
6.869314383823101056e-02
6.744166861699359139e-02
6.622404955682595351e-02
6.503731120638371610e-02
6.388129826783742193e-02
6.275836386688021795e-02
6.166614602572186021e-02
6.060536971575731374e-02
5.957237262576749182e-02
5.856435023642139054e-02
5.758344204373046227e-02
5.662906442794413825e-02
5.569903771193861902e-02
5.479312106256024884e-02
5.391082895690076787e-02
5.305145538904502966e-02
5.221164788788770078e-02
5.139084237697472829e-02
5.059198193142468158e-02
4.981333103373609961e-02
4.905437520635974602e-02
4.831575752968789855e-02
4.759637966568038003e-02
4.689632901453420766e-02
4.621434016627931629e-02
4.554909252848730883e-02
4.489892216710712064e-02
4.426304641065290091e-02
4.364173444579855926e-02
4.303389031396526176e-02
4.244000684491545938e-02
4.185990584467679659e-02
4.129359621980509959e-02
4.074079839004877968e-02
4.020128841609595105e-02
3.967471567333296506e-02
3.916117130643914646e-02
3.865954324889005894e-02
3.817053355077017901e-02
3.769395717281612962e-02
3.722871074369984296e-02
3.677364443491338425e-02
3.632907447157069508e-02
3.589386090948897684e-02
3.546797487540699623e-02
3.505169552505283531e-02
3.464449253880998864e-02
3.424576057087783121e-02
3.385655263937365628e-02
3.347625403601032362e-02
3.310372638680732921e-02
3.273867578362849723e-02
3.238120697537033577e-02
3.203129388342238620e-02
3.168841621156096716e-02
3.135235928759787932e-02
3.102319540474806486e-02
3.070003790888547676e-02
3.038326027543742508e-02
3.007266044701982499e-02
2.976802129712381381e-02
2.946940668841912039e-02
2.917707250732580471e-02
2.889059633002655919e-02
2.860981361421628330e-02
2.833493270531678779e-02
2.806541148606365652e-02
2.780121077225962758e-02
2.754243776992343004e-02
2.728893278395951721e-02
2.704046881653869930e-02
2.679676182917876612e-02
2.655791847733917146e-02
2.632329767676292245e-02
2.609291530551056948e-02
2.586694004932668656e-02
2.564515123229754029e-02
2.542740928556749477e-02
2.521353254823311199e-02
2.500374199850289789e-02
2.479776098993191971e-02
2.459549558537208261e-02
2.439703544079327435e-02
2.420229979729209696e-02
2.401130019088124068e-02
2.382378489010449074e-02
2.363948788655493086e-02
2.345871403847051354e-02
2.328133690430972749e-02
2.310713328564667143e-02
2.293612765127820211e-02
2.276815262576654605e-02
2.260308149717808746e-02
2.244114684616743682e-02
2.228206457799928111e-02
2.212592638425579447e-02
2.197255639121814194e-02
2.182209263886344605e-02
2.167442840366971823e-02
2.152948986344390553e-02
2.138718162875948708e-02
2.124736919119130790e-02
2.110982286760784699e-02
2.097468259581442701e-02
2.084173081081163934e-02
2.071087362535628182e-02
2.058227633777243507e-02
2.045587483409355700e-02
2.033168457153876688e-02
2.020975297944106741e-02
2.008969771090685086e-02
1.997170053748515209e-02
1.985571760756896925e-02
1.974176210027038525e-02
1.962966192837532417e-02
1.951955256712090483e-02
1.941135047440419731e-02
1.930503830968154783e-02
1.920066084713433971e-02
1.909808109193785602e-02
1.899733034663784320e-02
1.889825442589054827e-02
1.880090134427631759e-02
1.870520942019714833e-02
1.861104417931618710e-02
1.851855333553832986e-02
1.842766380324402029e-02
1.833830211427545445e-02
1.825034148564228312e-02
1.816380131501950726e-02
1.807877167434571511e-02
1.799513358625297668e-02
1.791281523880954712e-02
1.783178954872712690e-02
1.775205684390921898e-02
1.767363241685945829e-02
1.759650615908476406e-02
1.752071757479435610e-02
1.744617843226345388e-02
1.737283337456774213e-02
1.730052165713541826e-02
1.722932686571596733e-02
1.715925795871088913e-02
1.709029359199990342e-02
1.702226989407269742e-02
1.695515745923978010e-02
1.688902968204912189e-02
1.682390671103381474e-02
1.675968557203501991e-02
1.669636954858958605e-02
1.663391498871007179e-02
1.657236236258690515e-02
1.651171413153771847e-02
1.645190679084459345e-02
1.639285712686001234e-02
1.633460303571603739e-02
1.627722183068721490e-02
1.622066058236339495e-02
1.616492602048975533e-02
1.610996839220154089e-02
1.605579354014411569e-02
1.600239742871561316e-02
1.594970215076715880e-02
1.589773967522022449e-02
1.584651272816642309e-02
1.579604827604495082e-02
1.574625088755754812e-02
1.569710105066803724e-02
1.564862892126978738e-02
1.560082835763947767e-02
1.555371025443970552e-02
1.550728287044220513e-02
1.546147986272932741e-02
1.541629723179073659e-02
1.537174601086674017e-02
1.532787514425565552e-02
1.528466159197518215e-02
1.524202361050610612e-02
1.519994871950070686e-02
1.515846301312471361e-02
1.511760847661768221e-02
1.507730198878074433e-02
1.503756064612564447e-02
1.499837808677761605e-02
1.495973721889800809e-02
1.492160030357585383e-02
1.488394394173247516e-02
1.484675162670101752e-02
1.481002697968024015e-02
1.477376216617878185e-02
1.473795532605765707e-02
1.470261311834033385e-02
1.466773270808654876e-02
1.463328306534243672e-02
1.459927545128533385e-02
1.456568948977336221e-02
1.453254056753350634e-02
1.449982856893421677e-02
1.446757272323488837e-02
1.443576934776120459e-02
1.440442088401702216e-02
1.437350673431739105e-02
1.434301286295141739e-02
1.431289394924759213e-02
1.428314342838603486e-02
1.425375548824534336e-02
1.422471484874522976e-02
1.419607217277166385e-02
1.416778967231870946e-02
1.413987117811948274e-02
1.411233295108556447e-02
1.408516390650932371e-02
1.405836856829125077e-02
1.403191395784500126e-02
1.400578576663253673e-02
1.398001065580759157e-02
1.395456915682324016e-02
1.392948330736745038e-02
1.390472333995956995e-02
1.388028355122009408e-02
1.385613952860209261e-02
1.383228807696443990e-02
1.380874781259264390e-02
1.378548383240911848e-02
1.376251335687800684e-02
1.373984973560524528e-02
1.371747365460330645e-02
1.369536944945471714e-02
1.367354561704526954e-02
1.365200392922863784e-02
1.363074527844889902e-02
1.360976190298688465e-02
1.358904364285357623e-02
1.356859995083567992e-02
1.354841094492652796e-02
1.352848326420723508e-02
1.350879164013720629e-02
1.348933968152019568e-02
1.347011619928262412e-02
1.345114732695975625e-02
1.343241030838992697e-02
1.341390143174518192e-02
1.339562550218162569e-02
1.337760662404394174e-02
1.335980018420015666e-02
1.334219196385257392e-02
1.332480759704859213e-02
1.330764182241487431e-02
1.329069387857056452e-02
1.327395706086595753e-02
1.325740968913949325e-02
1.324107494651032002e-02
1.322495304408926459e-02
1.320904002371731632e-02
1.319334031620741574e-02
1.317785783360563533e-02
1.316257796543430711e-02
1.314753517487420552e-02
1.313268457802000376e-02
1.311801691239096804e-02
1.310351457205222170e-02
1.308918266959373765e-02
1.307503384003228832e-02
1.306106366306850931e-02
1.304726904524546212e-02
1.303365224635881676e-02
1.302020422382968792e-02
1.300692235811205799e-02
1.299380698034973726e-02
1.298084812179805571e-02
1.296805189200173243e-02
1.295541639661683224e-02
1.294293457918586909e-02
1.293059612673234937e-02
1.291841921982654282e-02
1.290639124211724782e-02
1.289451194028264948e-02
1.288276963705843083e-02
1.287117257771912271e-02
1.285971146140048316e-02
1.284838643136025464e-02
1.283720237495089567e-02
1.282616617559511479e-02
1.281527589793674329e-02
1.280452966059514655e-02
1.279392381649858794e-02
1.278344267068821059e-02
1.277309852071559053e-02
1.276287905230415014e-02
1.275279226236551884e-02
1.274283389361484213e-02
1.273299861785963903e-02
1.272328271143471565e-02
1.271368172712191574e-02
1.270419746612045514e-02
1.269483447204119986e-02
1.268558549750993351e-02
1.267645058417666767e-02
1.266743672315975670e-02
1.265854450671561465e-02
1.264977091862993022e-02
1.264111107358916256e-02
1.263255467591512665e-02
1.262409974916211229e-02
1.261574568106392513e-02
1.260749793837837203e-02
1.259935313054838871e-02
1.259130427861058360e-02
1.258336553463362470e-02
1.257552992889667681e-02
1.256779494278144685e-02
1.256015533234632227e-02
1.255260906618344170e-02
1.254515584438388454e-02
1.253779601011618255e-02
1.253053388229923015e-02
1.252337245929765509e-02
1.251630050715916466e-02
1.250931979513489334e-02
1.250242085388943679e-02
1.249561302552253637e-02
1.248889049607550088e-02
1.248226287151562273e-02
1.247572060104967101e-02
1.246926400245053183e-02
1.246290368567824075e-02
1.245662570130252542e-02
1.245042861116598190e-02
1.244431136723201346e-02
1.243827724841535705e-02
1.243232308613955936e-02
1.242644337525393439e-02
1.242063966215176292e-02
1.241491257406278186e-02
1.240926693118775577e-02
1.240369536416994004e-02
1.239819114543026270e-02
1.239276203922725327e-02
1.238740578713758839e-02
1.238211443583969035e-02
1.237688990489008677e-02
1.237173418235942846e-02
1.236664991104907511e-02
1.236164327152305432e-02
1.235670635241855123e-02
1.235183199570381689e-02
1.234702248473214421e-02
1.234227759292978385e-02
1.233760251441387221e-02
1.233299903734043010e-02
1.232845605252793665e-02
1.232397916913551689e-02
1.231956441888955138e-02
1.231520848642713405e-02
1.231091381890691422e-02
1.230668122360815443e-02
1.230251171599541955e-02
1.229840462466231903e-02
1.229436074341303843e-02
1.229037865545276609e-02
1.228646228032644408e-02
1.228260265878050421e-02
1.227880120185492578e-02
1.227505651839620564e-02
1.227136374029401920e-02
1.226771864016026371e-02
1.226412988612071535e-02
1.226059551099941379e-02
1.225711685442086585e-02
1.225368217745715499e-02
1.225030446059503439e-02
1.224698256611971361e-02
1.224371118647101832e-02
1.224049008242737192e-02
1.223732424275580932e-02
1.223420856398374154e-02
1.223114006160136956e-02
1.222812360456217509e-02
1.222515863119595994e-02
1.222224738930084188e-02
1.221938882988187619e-02
1.221657524241598174e-02
1.221381175792580868e-02
1.221109149533847194e-02
1.220841982122465932e-02
1.220578715005411242e-02
1.220319594627498547e-02
1.220065390539836793e-02
1.219815513072997591e-02
1.219569309012692726e-02
1.219327027168752228e-02
1.219089103546591550e-02
1.218855289046912385e-02
1.218626093858580194e-02
1.218400602673502635e-02
1.218179399879767630e-02
1.217961880359082032e-02
1.217748490646815111e-02
1.217538806269664528e-02
1.217333376294174423e-02
1.217132079273111969e-02
1.216934612343456568e-02
1.216741357168864973e-02
1.216551793793157685e-02
1.216365495253593845e-02
1.216182813482302554e-02
1.216003690151986304e-02
1.215827861591741582e-02
1.215655349806002601e-02
1.215485854546500578e-02
1.215319671753212379e-02
1.215157260325708949e-02
1.214997859533267256e-02
1.214841523807846414e-02
1.214687963945207221e-02
1.214537533249199913e-02
1.214390263165257555e-02
1.214246284117460190e-02
1.214105949088011178e-02
1.213968652909666948e-02
1.213834212748780839e-02
1.213702895853514992e-02
1.213574569101867791e-02
1.213449414925731745e-02
1.213326835647750984e-02
1.213206615035241145e-02
1.213089114780577585e-02
1.212974324432042166e-02
1.212862241570601858e-02
1.212753135583536507e-02
1.212646542377126407e-02
1.212542947464677855e-02
1.212441918648772370e-02
1.212343688766433052e-02
1.212247848715018728e-02
1.212154681221966866e-02
1.212064151287407278e-02
1.211976161263986218e-02
1.211890475166198244e-02
1.211807236854885172e-02
1.211726034271241176e-02
1.211646716782126439e-02
1.211569421576013696e-02
1.211494160028742800e-02
1.211421234878338679e-02
1.211350452385177162e-02
1.211281736571879000e-02
1.211215103654900323e-02
1.211151059460071656e-02
1.211089103685555717e-02
1.211029154911794775e-02
1.210970980224670805e-02
1.210914433786458404e-02
1.210859523997369173e-02
1.210806433921335183e-02
1.210755058250332326e-02
1.210705249516843586e-02
1.210657593120933843e-02
1.210611825464571675e-02
1.210567584133047207e-02
1.210525122076713464e-02
1.210484665115527624e-02
1.210446274118750186e-02
1.210409516181449111e-02
1.210375209994118614e-02
1.210343653723909042e-02
1.210315649235743987e-02
1.210291649545942524e-02
1.210271638628933506e-02
1.210257782525820877e-02
