1.379908223970305048e-01
1.367675508410302609e-01
1.356202807842189495e-01
1.345209585823949061e-01
1.334564332742835258e-01
1.324179060544953823e-01
1.314004747413818897e-01
1.304016072430426998e-01
1.294198963996076868e-01
1.284552883099974729e-01
1.275060791645167280e-01
1.265714667766381363e-01
1.256523451494443722e-01
1.247469760965355251e-01
1.238553087388201412e-01
1.229752746565457577e-01
1.221066781369321286e-01
1.212496830273157855e-01
1.204061433512894214e-01
1.195743377128726526e-01
1.187532257959006965e-01
1.179421291825325097e-01
1.171405325124692531e-01
1.163491082002421351e-01
1.155667407481792697e-01
1.147925359507594029e-01
1.140272246597126005e-01
1.132706309843359016e-01
1.125230648886097612e-01
1.117849259312991977e-01
1.110550841623715035e-01
1.103335375206702523e-01
1.096196893021475771e-01
1.089126940413656930e-01
1.082133017755460280e-01
1.075222634289134116e-01
1.068385152903442853e-01
1.061617774680855691e-01
1.054920833703927446e-01
1.048290234302973328e-01
1.041720497711441512e-01
1.035212304710193681e-01
1.028769529206173955e-01
1.022390131990084522e-01
1.016068239494834907e-01
1.009816338810089198e-01
1.003631191797269978e-01
9.975005730861495612e-02
9.914265484383127935e-02
9.854130015529964648e-02
9.794537049641437176e-02
9.735579613378968211e-02
9.677255593498594599e-02
9.619549953756605098e-02
9.562419302449366720e-02
9.505856707557089336e-02
9.449869639410278521e-02
9.394373781631457088e-02
9.339354545362554827e-02
9.284814123804700781e-02
9.230703946081098010e-02
9.177002335603583194e-02
9.123756881906787408e-02
9.070917520500962339e-02
9.018542947534030629e-02
8.966566724497108953e-02
8.914976709394979715e-02
8.863819820143162276e-02
8.813147346869204535e-02
8.762935274338694291e-02
8.713174988578305247e-02
8.663871978343892777e-02
8.615078024632466525e-02
8.566753842139129826e-02
8.518878019120083855e-02
8.471420547671953960e-02
8.424439475093326024e-02
8.377932566727475105e-02
8.331860174406501007e-02
8.286215316399707376e-02
8.240967515131200627e-02
8.196128372903301040e-02
8.151662551732694051e-02
8.107553831837570335e-02
8.063783047014275174e-02
8.020356388101665401e-02
7.977229288666218276e-02
7.934419808301827748e-02
7.891932340851907923e-02
7.849758427826766805e-02
7.807899227214573634e-02
7.766351262965738578e-02
7.725111692459545043e-02
7.684152942506020101e-02
7.643460171650957868e-02
7.603061077783600241e-02
7.562940951749919094e-02
7.523147191668391742e-02
7.483675631282385443e-02
7.444506431903785693e-02
7.405649926883701994e-02
7.367102053472227019e-02
7.328859633020311237e-02
7.290917195244964177e-02
7.253272132342562795e-02
7.215954304877819636e-02
7.178931621713487143e-02
7.142225992582619531e-02
7.105821633400800919e-02
7.069693809073855639e-02
7.033846750526885627e-02
6.998307634945027944e-02
6.963050102788533036e-02
6.928079126582051273e-02
6.893403589439262014e-02
6.859035160904335127e-02
6.824947455791278983e-02
6.791119808724886686e-02
6.757529142623971974e-02
6.724193383786454536e-02
6.691099041755201038e-02
6.658263097539506015e-02
6.625654450979685806e-02
6.593268768169914529e-02
6.561095282121200134e-02
6.529135338512258302e-02
6.497401096086366512e-02
6.465883795024190972e-02
6.434592625304186297e-02
6.403544684886119942e-02
6.372774478921484909e-02
6.342242313441386059e-02
6.311923497297963759e-02
6.281827310471710391e-02
6.251954361320710696e-02
6.222300311093548197e-02
6.192886247624809770e-02
6.163708091017646579e-02
6.134769786229713612e-02
6.106063642144898135e-02
6.077553684214064694e-02
6.049224372070181183e-02
6.021121452312680478e-02
5.993231657994052552e-02
5.965515186568645656e-02
5.937985651625141137e-02
5.910624134506237831e-02
5.883434924857931791e-02
5.856435023642138360e-02
5.829633511569855264e-02
5.803059090711921997e-02
5.776682128016895346e-02
5.750511883680897718e-02
5.724527081225219000e-02
5.698725202926076261e-02
5.673102587261930063e-02
5.647669135420543829e-02
5.622409900384056636e-02
5.597311919659470059e-02
5.572385751149788041e-02
5.547639623774362067e-02
5.523063332560639721e-02
5.498680450855203405e-02
5.474487119260315615e-02
5.450453195802655582e-02
5.426577922557884043e-02
5.402869909536994059e-02
5.379336425850520659e-02
5.355969209412241028e-02
5.332776201943063843e-02
5.309737561859535077e-02
5.286830808538520859e-02
5.264059721511783752e-02
5.241416498277114144e-02
5.218921400665202381e-02
5.196560542676471883e-02
5.174333668516852003e-02
5.152253888555422684e-02
5.130343752641211563e-02
5.108608399700013958e-02
5.087025575485264184e-02
5.065595386851519388e-02
5.044320383522142570e-02
5.023179897975046937e-02
5.002184986460929406e-02
4.981333103373609267e-02
4.960627195621448993e-02
4.940053132950503884e-02
4.919633258912405049e-02
4.899376631299461049e-02
4.879257385942529363e-02
4.859287189089304959e-02
4.839467396439508379e-02
4.819775153766583248e-02
4.800222259995372276e-02
4.780810751994708091e-02
4.761555059776845927e-02
4.742439714915602789e-02
4.723457393660797365e-02
4.704612168303055203e-02
4.685902378237201404e-02
4.667327760408876425e-02
4.648881050113181507e-02
4.630554052463632664e-02
4.612344662512393723e-02
4.594270185789548627e-02
4.576313861274906858e-02
4.558465044633633334e-02
4.540728688740168495e-02
4.523097294739943791e-02
4.505567365861907342e-02
4.488155266895174633e-02
4.470841405762416426e-02
4.453628892560018010e-02
4.436521690770493798e-02
4.419519600937579090e-02
4.402633326929571850e-02
4.385849611874186038e-02
4.369159801835095780e-02
4.352567473492786193e-02
4.336072575108934624e-02
4.319677374098102735e-02
4.303389031396524789e-02
4.287205975409746211e-02
4.271119973609911052e-02
4.255132151643647304e-02
4.239245491528986776e-02
4.223460587380249015e-02
4.207777976254864494e-02
4.192197458668992655e-02
4.176712196484952400e-02
4.161334017731148360e-02
4.146054591012931362e-02
4.130872633955563755e-02
4.115784592467715275e-02
4.100800360850821724e-02
4.085916457032103682e-02
4.071130106463407422e-02
4.056443238700339210e-02
4.041846644237901548e-02
4.027345079508107273e-02
4.012935303044164181e-02
3.998624087401750349e-02
3.984406258064313033e-02
3.970283246615738393e-02
3.956259067472918389e-02
3.942324209620361175e-02
3.928489948587686464e-02
3.914746050653467035e-02
3.901079581421785375e-02
3.887501394033292257e-02
3.874007983480822620e-02
3.860601942542379178e-02
3.847292273565351001e-02
3.834082666082068436e-02
3.820969610118662985e-02
3.807949463478920576e-02
3.795013968445776209e-02
3.782163974754830515e-02
3.769395717281612268e-02
3.756711555090647831e-02
3.744115850592167477e-02
3.731591810902378653e-02
3.719144742795814362e-02
3.706767329533167121e-02
3.694463240139696236e-02
3.682234026677853878e-02
3.670088913832359606e-02
3.658026539333722460e-02
3.646030334615796287e-02
3.634097194173911000e-02
3.622234503729459404e-02
3.610442855845185511e-02
3.598718818783000484e-02
3.587059764251279703e-02
3.575471545626451864e-02
3.563950680879639926e-02
3.552497412042568414e-02
3.541112867993858465e-02
3.529800212613670718e-02
3.518563443394628204e-02
3.507394247213786037e-02
3.496293717043774674e-02
3.485253764066055526e-02
3.474275935204205329e-02
3.463360233687894085e-02
3.452504412005664991e-02
3.441709285925363682e-02
3.430979830595725505e-02
3.420322309242788961e-02
3.409735916552255469e-02
3.399219902611083644e-02
3.388776042765720420e-02
3.378393301030093582e-02
3.368073332143405735e-02
3.357819147760516404e-02
3.347625403601032362e-02
3.337485367830995975e-02
3.327397256268030401e-02
3.317361800508723119e-02
3.307385096983597728e-02
3.297463414412795529e-02
3.287594611454167093e-02
3.277778934806479388e-02
3.268015863712846886e-02
3.258309018530658463e-02
3.248661082395893490e-02
3.239076331100011752e-02
3.229544586647138671e-02
3.220064514310702619e-02
3.210635085341514983e-02
3.201258419479325462e-02
3.191932281563197860e-02
3.182659539301822826e-02
3.173434793451272024e-02
3.164259505024848845e-02
3.155131624907370896e-02
3.146059544986275214e-02
3.137035171967498398e-02
3.128062848678682395e-02
3.119142697788996124e-02
3.110270351874295722e-02
3.101438020166294093e-02
3.092647577343441215e-02
3.083903948718742447e-02
3.075200959762991459e-02
3.066548247003333602e-02
3.057941532101542820e-02
3.049381153639811257e-02
3.040870522444872118e-02
3.032403862164013975e-02
3.023979937350433286e-02
3.015599105058584806e-02
3.007266044701983540e-02
2.998974700709847868e-02
2.990727933873624234e-02
2.982521059307558300e-02
2.974358258368961852e-02
2.966240387193964934e-02
2.958167110107202263e-02
2.950138548082119339e-02
2.942157920321422995e-02
2.934222622849623138e-02
2.926334502577531554e-02
2.918489515149283453e-02
2.910687201768613966e-02
2.902923611413679716e-02
2.895204624318798922e-02
2.887527407956392081e-02
2.879888632809965432e-02
2.872289725337347915e-02
2.864738425931143487e-02
2.857233715228179108e-02
2.849770718020034482e-02
2.842348319465693926e-02
2.834965056668088332e-02
2.827620798597976076e-02
2.820313922976864368e-02
2.813048949500521895e-02
2.805819708759215228e-02
2.798626285295281041e-02
2.791474649101591612e-02
2.784367452309030252e-02
2.777298023993520285e-02
2.770267653584389950e-02
2.763277102277763783e-02
2.756323118868830163e-02
2.749407802170591303e-02
2.742530278289616319e-02
2.735691220434763662e-02
2.728893278395952762e-02
2.722128581066966119e-02
2.715399820557415356e-02
2.708709889866714113e-02
2.702052369831294334e-02
2.695425869180763032e-02
2.688837392580415223e-02
2.682285580754314655e-02
2.675772920931197493e-02
2.669294187958267880e-02
2.662848343205088952e-02
2.656431892865759870e-02
2.650043749873859378e-02
2.643686336627816200e-02
2.637364114920763905e-02
2.631074286300535275e-02
2.624813205842525116e-02
2.618582412003832988e-02
2.612379845198101874e-02
2.606212368738146032e-02
2.600076774916923114e-02
2.593974396834122439e-02
2.587904213167950551e-02
2.581863637556863073e-02
2.575852084113800303e-02
2.569872409352921133e-02
2.563921417234849010e-02
2.558001075693250997e-02
2.552110152791896291e-02
2.546246048968288031e-02
2.540409583288182060e-02
2.534602817246515635e-02
2.528823680455523706e-02
2.523072625272154701e-02
2.517352427975019444e-02
2.511662426218345609e-02
2.506003725431928814e-02
2.500374199850289095e-02
2.494771098189141681e-02
2.489192761006519747e-02
2.483642626255837954e-02
2.478123570210141041e-02
2.472632421212942258e-02
2.467165024824612141e-02
2.461719125562856700e-02
2.456304575261122891e-02
2.450917539354134297e-02
2.445561818435756582e-02
2.440234874686395342e-02
2.434934057782481287e-02
2.429660457449393796e-02
2.424411219504183507e-02
2.419187233100325574e-02
2.413991056889694398e-02
2.408825786937008120e-02
2.403688969623728536e-02
2.398577416248421496e-02
2.393489189562215264e-02
2.388426211881709837e-02
2.383384570233959901e-02
2.378363641316400684e-02
2.373370191482826116e-02
2.368400909151973863e-02
2.363455346307861624e-02
2.358536266398397058e-02
2.353644384403052667e-02
2.348778862663760195e-02
2.343937329532907662e-02
2.339120918947003303e-02
2.334328736601441398e-02
2.329559552549915688e-02
2.324813989085487351e-02
2.320091861092728192e-02
2.315391672015527577e-02
2.310713328564667837e-02
2.306059073890758329e-02
2.301429188278248175e-02
2.296823412091316893e-02
2.292240208312086580e-02
2.287678355759359405e-02
2.283137988422630216e-02
2.278617332356354039e-02
2.274117363709437720e-02
2.269638351038357274e-02
2.265182374308299246e-02
2.260750094601260418e-02
2.256342096266806749e-02
2.251955998969554576e-02
2.247592326365994639e-02
2.243247164435965835e-02
2.238922486497575692e-02
2.234620569110066721e-02
2.230339305801869870e-02
2.226078996509965255e-02
2.221839417682255208e-02
2.217623545697014475e-02
2.213429314516645111e-02
2.209253391462489072e-02
2.205095648614400702e-02
2.200959226207391609e-02
2.196845482911660360e-02
2.192753661780578664e-02
2.188681815847481893e-02
2.184629571963845121e-02
2.180599261431529629e-02
2.176588245700804627e-02
2.172598966102113477e-02
2.168629969659098544e-02
2.164681075918314240e-02
2.160750323254958388e-02
2.156840591625458492e-02
2.152948986344391247e-02
2.149077304893361878e-02
2.145226190013059878e-02
2.141391951284116885e-02
2.137575184613511523e-02
2.133778722052288856e-02
2.130000620180633880e-02
2.126237806916913761e-02
2.122490479364644994e-02
2.118760932943709180e-02
2.115047672517222227e-02
2.111350902890366671e-02
2.107672256601382521e-02
2.104013523083863441e-02
2.100371707309313038e-02
2.096743825434344011e-02
2.093131955192795851e-02
2.089536917556568743e-02
2.085957386183694834e-02
2.082481417121758230e-02
