1.364937380075521708e-05
2.081115073949555382e-03
4.191925729901733663e-03
6.314776651354848773e-03
8.461708103809853151e-03
1.061746908429888822e-02
1.275155758688623422e-02
1.499882458518240341e-02
1.725331574277912811e-02
1.949335858177472444e-02
2.175427121430526314e-02
2.404086974657110992e-02
2.627449111063285062e-02
2.853299569006316830e-02
3.076420900102474348e-02
3.303154310848911701e-02
3.530449600652062897e-02
3.755577642665049870e-02
3.981508369044763074e-02
4.234248753273234245e-02
4.476634509170893811e-02
4.717174091025081589e-02
4.956750451639192756e-02
5.186293257669186141e-02
5.415996600572527131e-02
5.638636321048649813e-02
5.867456711148567872e-02
6.093387437528255401e-02
6.319880042964653999e-02
6.554720565815036482e-02
6.788437330551999604e-02
7.024241074642458005e-02
7.259402671239530147e-02
7.482764807645682359e-02
7.718729088609481426e-02
7.957823838603529654e-02
8.202697916038029224e-02
8.443719108512233451e-02
8.670934129878689334e-02
8.903366599628896594e-02
9.145110208033155330e-02
9.374572745626456871e-02
9.607647362870036511e-02
9.842487885720416219e-02
1.007861270355756012e-01
1.031016222050434999e-01
1.053777858405417212e-01
1.077165588566447868e-01
1.100079734951108501e-01
1.123732350953160070e-01
1.147280617987541523e-01
1.170812831334587661e-01
1.193558414002240664e-01
1.216183594014881575e-01
1.238102411784801626e-01
1.260679430735441031e-01
1.283079859125397792e-01
1.305729119669041816e-01
1.328338245994349076e-01
1.351453063470696436e-01
1.374150485076344186e-01
1.397249248865355675e-01
1.419697838317317273e-01
1.443318346944702235e-01
1.467163607194772457e-01
1.490896491633499910e-01
1.515696946279979640e-01
1.539662609185057374e-01
1.562793480348737274e-01
1.586317666852116171e-01
1.609079303207099354e-01
1.632467033368135700e-01
1.655493555564137853e-01
1.678873258881506403e-01
1.702477713821554939e-01
1.726475484101305247e-01
1.749453845235306726e-01
1.772103105778951304e-01
1.795057386381951059e-01
1.816879882027864768e-01
1.840693034903263248e-01
1.863173731729894367e-01
1.884883851564464474e-01
1.906770561959714450e-01
1.928729513947970153e-01
1.951555365052291546e-01
1.974613994622964053e-01
1.999069294991746293e-01
2.022641642557127806e-01
2.045122339383756427e-01
2.067458553024371926e-01
2.089337236575954937e-01
2.112708913049650972e-01
2.136032428461346055e-01
2.159139219094023121e-01
2.181908882292674656e-01
2.204501954930648544e-01
2.226870275945935507e-01
2.249415187521905668e-01
2.271486515321491373e-01
2.294344473800484230e-01
2.315147560300639118e-01
2.337186780725570290e-01
2.360422000856923219e-01
2.383079288244223382e-01
2.406956655868962014e-01
2.430769808744352167e-01
2.454374263684410973e-01
2.478315846058476157e-01
2.500379147014400449e-01
2.521824381007952698e-01
2.544032165149887059e-01
2.566135600324154775e-01
2.586007572958912704e-01
2.608022712852829383e-01
2.630968966612165505e-01
2.653032267568095071e-01
2.675135702742353905e-01
2.697319406353300142e-01
2.720538572797321919e-01
2.741855377292182205e-01
2.764689255240185273e-01
2.787186005754139773e-01
2.809048635618376921e-01
2.830694540703617146e-01
2.852974566438558068e-01
2.874941545270471299e-01
2.896868389884067474e-01
2.919397247772693715e-01
2.942263233095345210e-01
2.964085728741264747e-01
2.986462076600217008e-01
3.009215686111526011e-01
3.031608087657817197e-01
3.054152999233787913e-01
3.076713964497083675e-01
3.098014715304633904e-01
3.120904781158293506e-01
3.145079141998715078e-01
3.168779919062783557e-01
3.191124159547061856e-01
3.214046332775395420e-01
3.236783888599381598e-01
3.260789685722793041e-01
3.283904503199145952e-01
3.306634032179459060e-01
3.330326782399857244e-01
3.354477062709289581e-01
3.377728336527977548e-01
3.398924738367841702e-01
3.421959287407518868e-01
3.443147662403728826e-01
3.465411634451333600e-01
3.488253539242990864e-01
3.511255980907997953e-01
3.533945375669992894e-01
3.556008676625920795e-01
3.578425158703208431e-01
3.600954016591846885e-01
3.624253451472544407e-01
3.646116081336795989e-01
3.669383408842815109e-01
3.692947729564536319e-01
3.717386976245990460e-01
3.739402116139918242e-01
3.763584503824007332e-01
3.787309361419080589e-01
3.811483722259501605e-01
3.834911586638888314e-01
3.858379585236591525e-01
3.881277677933922532e-01
3.904577112814621165e-01
3.928623044156377420e-01
3.953584035676208086e-01
3.976128947252168255e-01
3.999773536410557440e-01
4.023988031469325488e-01
4.049262069892174409e-01
4.073019034861921628e-01
4.098871006028805275e-01
4.124602574540694455e-01
4.149451190249171528e-01
4.173031564658230552e-01
4.198273495706417169e-01
4.222319427048160101e-01
4.247794136562694778e-01
4.272650779114839925e-01
4.299088709869452463e-01
4.324378801979649745e-01
4.350102343647869740e-01
4.376211173812115107e-01
4.403772862680140898e-01
4.430580028243440438e-01
4.455460751326600910e-01
4.480879272935465729e-01
4.505912506048303512e-01
4.530865470724507738e-01
4.555681979058285314e-01
4.581164715416479183e-01
4.605154458852580013e-01
4.628566269544669987e-01
4.653013543069726698e-01
4.677364494470849787e-01
4.702309432303362069e-01
4.726604195798846941e-01
4.750168516520510420e-01
4.774222474705918651e-01
4.798581452950719806e-01
4.823558498157942687e-01
4.849956294694162673e-01
4.875880507454051771e-01
4.902495028769360830e-01
4.927769067192259711e-01
4.951702622722625180e-01
4.976535184743750562e-01
5.002748363875694215e-01
5.028664549791984628e-01
5.053657648686459281e-01
5.077896224276208237e-01
5.103234477448400641e-01
5.128829589617983631e-01
5.152971843083773429e-01
5.179273317495979301e-01
5.203672429959095291e-01
5.228954495225642818e-01
5.255023191171594998e-01
5.279165444637357041e-01
5.307024126721042734e-01
5.333293493758637371e-01
5.358792283804195700e-01
5.385310482995535608e-01
5.414108305788264408e-01
5.441469323564604998e-01
5.468958770839653649e-01
5.497106419295432200e-01
5.522733638839676384e-01
5.550086629772302826e-01
5.577519889141644427e-01
5.603781229335587089e-01
5.630692743866612116e-01
5.657235023588912393e-01
5.683191343723427158e-01
5.710367744095424802e-01
5.737415714968777669e-01
5.764327229499798255e-01
5.792667522203583941e-01
5.820510150599924604e-01
5.849283892861707468e-01
5.876211461080041998e-01
5.903773149948098320e-01
5.930692691322797527e-01
5.957772769570762739e-01
5.985294324220429285e-01
6.011346966479028664e-01
6.035617649443476562e-01
6.060867607335344021e-01
6.085025914488483290e-01
6.110532731377688043e-01
6.137211467442276192e-01
6.164098901442249812e-01
6.192118120399336956e-01
6.218531970622950267e-01
6.245587968339989526e-01
6.272515536558310734e-01
6.298849118345205556e-01
6.324837545854440357e-01
6.351869463040454855e-01
6.378219098514721352e-01
6.403950667026616639e-01
6.430332409875593180e-01
6.456930877503592736e-01
6.482798902357773674e-01
6.512391382673612394e-01
6.540723648533726120e-01
6.567009069258666898e-01
6.595550033054103922e-01
6.622517735490780488e-01
6.649975075391177937e-01
6.676581569862783949e-01
6.703075688523034703e-01
6.730789887420742801e-01
6.758945562720193312e-01
6.787799573418653587e-01
6.815666282346035665e-01
6.841173099235268174e-01
6.867033097245872630e-01
6.893141927410127989e-01
6.919523670259005721e-01
6.947847909275425282e-01
6.970240310821759211e-01
6.996252818862001011e-01
7.021550937815856930e-01
7.045251714879925409e-01
7.070268894305460350e-01
7.097605831550855005e-01
7.123594259060054279e-01
7.149775330817275121e-01
7.176694872191919927e-01
7.202426440703851851e-01
7.230212881194563179e-01
7.258119724340280632e-01
7.286307507014386786e-01
7.313323370513086230e-01
7.339689059674686655e-01
7.366881513733972708e-01
7.396482020893501153e-01
7.423417615955522075e-01
7.451115761165885143e-01
7.478701530564916267e-01
7.505412374004232223e-01
7.534186116266062827e-01
7.563120395401200513e-01
7.588530890166353959e-01
7.615466485228334914e-01
7.642538536632671464e-01
7.670381165029074300e-01
7.698103390770459908e-01
7.724878448959114907e-01
7.753355198005241755e-01
7.783148349412797318e-01
7.809915380757720405e-01
7.838343968741802170e-01
7.867197979440309075e-01
7.894783748839353521e-01
7.923750135349150181e-01
7.954610856964475785e-01
7.981899633147861994e-01
8.010528892223595099e-01
8.037464487285552739e-01
8.066390739577059543e-01
8.093807945259078318e-01
8.116497340021058271e-01
8.143681767236733426e-01
8.167061470554142222e-01
8.193627830807446166e-01
8.219816929408316764e-01
8.246383289661609606e-01
8.272275395046880808e-01
8.300302640847615487e-01
8.326379363637195219e-01
8.355682877581043222e-01
8.383108110106769484e-01
8.410854416379135445e-01
8.436866924419346159e-01
8.466419270516859497e-01
8.494976287999673747e-01
8.525323291620261479e-01
8.553559235356353874e-01
8.585680171427451102e-01
8.612270612211717635e-01
8.639976784265734899e-01
8.666952513546039016e-01
8.693559008017702761e-01
8.721473878007095504e-01
8.748208801977397364e-01
8.774325658985352439e-01
8.800073281184609408e-01
8.825620232292107348e-01
8.851993948297358639e-01
8.879338912386379734e-01
8.906491232227418120e-01
8.935224840270871161e-01
8.963444730319612974e-01
8.994827196773326206e-01
9.024740750835839043e-01
9.052535218170130182e-01
9.080650759251155391e-01
9.108172313900857464e-01
9.137925331090155368e-01
9.167052254473244677e-01
9.197086211190834693e-01
9.225169644897146526e-01
9.254368809873200208e-01
9.284900430898117563e-01
9.313015971979318186e-01
9.338089339310436943e-01
9.366790839979179939e-01
9.393405361294464573e-01
9.422066727744848880e-01
9.453770267945109662e-01
9.482479795457657845e-01
9.511430128280115026e-01
9.540027279981202479e-01
9.568142821062208814e-01
9.598361395184102918e-01
9.626589312076438976e-01
9.656968423071768948e-01
9.688053896309651858e-01
9.720993570434793840e-01
9.753002130694458094e-01
9.784151818681711132e-01
9.814506849146040768e-01
9.842261182262129759e-01
9.872985447534954329e-01
9.900916371211636591e-01
9.932322918196274664e-01
9.955574192014936541e-01
9.984749276460108680e-01
1.001279257594830829e+00
1.004544328370130524e+00
1.007786923983160943e+00
1.010566370716594831e+00
1.013989570312148425e+00
1.017376649111207287e+00
1.020580715874643607e+00
1.023767123582012495e+00
1.026980822557845174e+00
1.030255525545543005e+00
1.033812773430345722e+00
1.037263264294380427e+00
1.040398300202269644e+00
1.043724374989444925e+00
1.047178879275300512e+00
1.050472044003440963e+00
1.053961063717075319e+00
1.056931549329783282e+00
1.059988724854113107e+00
1.063375803653157536e+00
1.066662546906362197e+00
1.070023939805692992e+00
1.073385332705002249e+00
1.076625520264935520e+00
1.080336080863779857e+00
1.084096407893351266e+00
1.087973124156117466e+00
1.091675657911286956e+00
1.095281066858089680e+00
1.098878448961212895e+00
1.102014287553470862e+00
1.105546652222913817e+00
1.108849449163455958e+00
1.112517467490859335e+00
1.115789762425466014e+00
1.119348615678994463e+00
1.122758972324679361e+00
1.126341103424850054e+00
1.129852598300742139e+00
1.133584028693115364e+00
1.137361212094391894e+00
1.141244349832087890e+00
1.145134711729075994e+00
1.148748950203907215e+00
1.151584584843009518e+00
1.155051932078733579e+00
1.158557005479695645e+00
1.162251512391208497e+00
1.166201272931329580e+00
1.169851632202666858e+00
1.173401655928153486e+00
1.176340034166204696e+00
1.179898887419745801e+00
1.183510717841475879e+00
1.187041477142168233e+00
1.190605146501894529e+00
1.193784330049961095e+00
1.197381712153111177e+00
1.200611464816267127e+00
1.204386240164445843e+00
1.207825493447336473e+00
1.211830639208760552e+00
1.216017191637087214e+00
1.220049628666978192e+00
1.224311633425764656e+00
1.228394639570762115e+00
1.232178244446973547e+00
1.235514754130935033e+00
1.238955612782548954e+00
1.242699886124792208e+00
1.246550916487807692e+00
1.249989367086326020e+00
1.254082005443754033e+00
1.258014106927795028e+00
1.262119588235065537e+00
1.266445005058822737e+00
1.270643597752635801e+00
1.274572488499235989e+00
1.278923591222722367e+00
1.283433625450826066e+00
1.287555963129790149e+00
1.291581176000398568e+00
1.295726791526004007e+00
1.299471064868247927e+00
1.303766782370429089e+00
1.307865039518396832e+00
1.311708845722129979e+00
1.315490845229603689e+00
1.319540138631198900e+00
1.323725085690770520e+00
1.328288899771446374e+00
1.332403210606761590e+00
1.336554444922930074e+00
1.340350090064640343e+00
1.344772631696765863e+00
1.349138985423235848e+00
1.352906536612109356e+00
1.357443059424311427e+00
1.360635888606614108e+00
1.364665114899039189e+00
1.367621954877524360e+00
1.371676867069705485e+00
1.375146618618953598e+00
