1.364937380075521708e-05
5.652431163980682627e-04
1.127271755762862017e-03
1.686892342027469230e-03
2.251329034492452127e-03
2.817371095690893081e-03
3.397861475490459356e-03
3.966311589789086635e-03
4.534761704087713480e-03
5.108830608953445797e-03
5.694137094953388191e-03
6.256165734318182813e-03
6.847091010885227209e-03
7.412330387716940111e-03
8.002452979917262094e-03
8.573311147316081335e-03
9.174671320650614262e-03
9.736699960015414088e-03
1.032923060531592239e-02
1.091212903821568193e-02
1.149342210238198624e-02
1.206106953231388806e-02
1.264316528084692172e-02
1.323007713558032629e-02
1.381779167468046195e-02
1.442396795421536752e-02
1.505261939601868978e-02
1.567565204725490657e-02
1.626978806128887706e-02
1.688078044702416222e-02
1.750381309826037901e-02
1.811881890582930574e-02
1.871456028859673493e-02
1.931030167136416065e-02
1.991888600399924908e-02
2.053870791776854499e-02
2.113043587870232221e-02
2.175427121430526314e-02
2.234680185960575410e-02
2.298909893564346843e-02
2.358243226531068701e-02
2.421429444458092148e-02
2.480923314298162305e-02
2.541701479124996998e-02
2.601115080528393353e-02
2.662936735031976032e-02
2.722029262688680645e-02
2.784091722502283345e-02
2.845752840132519806e-02
2.904845367789223726e-02
2.964580042939311474e-02
3.025920086822857236e-02
3.088945767876536200e-02
3.149322590520008819e-02
3.208415118176712044e-02
3.270878920173679594e-02
3.333262453733974034e-02
3.393719544814120109e-02
3.455862273064397305e-02
3.518326075061364161e-02
3.577498871154744658e-02
3.638678378164947325e-02
3.697530100511633999e-02
3.762000613425425799e-02
3.820290456715402100e-02
3.876493320651883123e-02
3.937592559225412681e-02
4.010892600173224937e-02
4.075523649960363648e-02
4.144810269074531567e-02
4.213615277568662221e-02
4.279289817032547183e-02
4.346890798976582593e-02
4.410959969707008849e-02
4.476634509170893811e-02
4.542389317071453964e-02
4.607742782788646491e-02
4.671571148209056890e-02
4.737486492982961872e-02
4.801796469023408842e-02
4.868032887544004178e-02
4.932262595147778039e-02
4.992880223101268944e-02
5.054782146041526120e-02
5.118209169278569587e-02
5.179549213162117083e-02
5.240808988608991470e-02
5.303433327479305931e-02
5.363168002629396108e-02
5.428682005219935547e-02
5.490824733470213437e-02
5.551442361423705035e-02
5.610294083770392404e-02
5.667781242693636923e-02
5.725669743800245598e-02
5.790461330460718731e-02
5.856216138361271945e-02
5.915790276638008965e-02
5.975284146478071490e-02
6.037587411601690046e-02
6.098686650175210583e-02
6.160026694058752528e-02
6.220644322012237881e-02
6.282305439642472955e-02
6.347097026302947476e-02
6.409159486116546012e-02
6.472425972480239098e-02
6.534488432293830695e-02
6.600403777067730127e-02
6.666319121841628170e-02
6.722040375158064296e-02
6.788437330551999604e-02
6.857483144356141258e-02
6.920669362283159154e-02
6.982250211476714874e-02
7.044633745037007233e-02
7.110147747627540427e-02
7.170925912454367834e-02
7.233710788198023656e-02
7.295371905828254566e-02
7.355588191598373682e-02
7.415724208931820383e-02
7.474816736588520139e-02
7.538725370445593932e-02
7.605443399586213349e-02
7.666382101286392525e-02
7.731655298566908474e-02
7.800299770187686665e-02
7.862121424691261018e-02
7.926993279788413505e-02
7.990741376772142468e-02
8.054971084375908696e-02
8.119842939473055632e-02
8.189450632333912516e-02
8.259539935814799727e-02
8.329629239295691101e-02
8.390808746305886134e-02
8.449499931779223816e-02
8.515335008116452220e-02
8.577638273240070776e-02
8.635928116530042220e-02
8.696947086666891036e-02
8.755879077450248738e-02
8.819787711307325306e-02
8.883776613601074290e-02
8.948327394951531566e-02
9.012958444738662644e-02
9.078231642019181369e-02
9.145110208033155330e-02
9.206369983480022778e-02
9.265542779573396337e-02
9.329290876557128076e-02
9.393440315724223277e-02
9.460078076428178606e-02
9.519090335648207335e-02
9.583079237941952155e-02
9.644981160882203086e-02
9.709451673795990723e-02
9.773681381399754176e-02
9.835101693719965066e-02
9.902140796607283857e-02
9.965005940787607930e-02
1.002771054809458717e-01
1.009049542383823606e-01
1.015809640578226036e-01
1.022088128152591480e-01
1.028165944635274637e-01
1.034091251088279373e-01
1.040144987039960250e-01
1.046206749835309063e-01
1.052300620005326842e-01
1.058466731768350072e-01
1.064793380404718964e-01
1.071473210162448841e-01
1.077735644049479802e-01
1.083861621594166824e-01
1.089730740141500315e-01
1.096137657214542316e-01
1.102721164848264740e-01
1.109336779856656408e-01
1.115840019053706000e-01
1.121885728161720192e-01
1.128742148480131741e-01
1.134739696526143315e-01
1.140865674070831309e-01
1.147280617987541523e-01
1.153639373998580492e-01
1.159861673667277326e-01
1.166525449737673414e-01
1.172490890409015746e-01
1.178673055859373597e-01
1.184758899185724829e-01
1.190981198854420831e-01
1.197187444835781517e-01
1.203257234474798126e-01
1.209664151547840960e-01
1.215613538531849364e-01
1.221739516076536247e-01
1.227127024003835110e-01
1.233148652580846327e-01
1.239266603281868467e-01
1.245737735104248123e-01
1.251727256306592040e-01
1.257925475444286456e-01
1.263601949743606567e-01
1.269655685695288416e-01
1.275942200113322211e-01
1.281835399191658120e-01
1.287937296205344251e-01
1.294063273750033494e-01
1.299787909111356221e-01
1.306291148308406924e-01
1.312433179540429262e-01
1.318358485993434137e-01
1.324492490381789234e-01
1.330787031643491380e-01
1.337185921872868222e-01
1.343464409447232832e-01
1.349702762803264566e-01
1.355900981940955929e-01
1.361794181019292949e-01
1.368345581278347101e-01
1.374150485076344186e-01
1.380123952591351955e-01
1.386386386478384580e-01
1.393002001486776664e-01
1.398839012659442715e-01
1.404997097578799536e-01
1.411082940905153127e-01
1.417128650013166624e-01
1.423463325493203036e-01
1.429597329881559242e-01
1.435883844299591372e-01
1.442643942493995746e-01
1.449227450127719974e-01
1.455385535047078460e-01
1.462129579554145298e-01
1.468359906066508402e-01
1.474622339953539640e-01
1.481414545522612147e-01
1.487428147255957789e-01
1.494276540730702374e-01
1.501036638925106748e-01
1.507796737119510011e-01
1.514516701095578732e-01
1.520947698699622319e-01
1.527699770050359451e-01
1.533849828126047921e-01
1.540473469978108356e-01
1.546976709175158782e-01
1.552982284064835794e-01
1.559132342140526206e-01
1.565242265997878190e-01
1.571376270386234397e-01
1.578007939081961242e-01
1.584270372968993312e-01
1.590645182667365654e-01
1.596795240743054956e-01
1.603009513568084687e-01
1.609079303207099354e-01
1.615213307595456393e-01
1.621307177765475283e-01
1.627690014307515698e-01
1.634289575628573021e-01
1.640455687391595974e-01
1.646750228653297288e-01
1.653052796758663900e-01
1.659459713831707706e-01
1.665393047128380655e-01
1.671607319953408721e-01
1.678295176554807089e-01
1.684621825191175426e-01
1.691157171762895095e-01
1.697556061992269993e-01
1.704075354876655179e-01
1.710193305577676348e-01
1.716776813211400854e-01
1.723288079252119909e-01
1.729711050012495976e-01
1.736471148206899795e-01
1.742621206282589374e-01
1.748313734269242303e-01
1.754383523908260023e-01
1.760445286703609113e-01
1.766587317935632839e-01
1.772528678075972475e-01
1.778991783054685305e-01
1.785037492162701023e-01
1.791299926049732261e-01
1.797482091500090251e-01
1.803608069044778384e-01
1.809372838624437596e-01
1.814864695519410598e-01
1.821070941500769758e-01
1.827493912261146103e-01
1.834181768862546968e-01
1.840693034903263248e-01
1.846754797698612616e-01
1.852704184682620048e-01
1.858966618569651286e-01
1.864932059240995144e-01
1.870680775133318763e-01
1.876461598400312458e-01
1.882499280664662045e-01
1.888392479742997121e-01
1.894293705665001104e-01
1.900227038961672388e-01
1.906176425945680375e-01
1.912286349803034580e-01
1.918492595784392907e-01
1.923912211086358792e-01
1.929869624914034298e-01
1.935891253491045516e-01
1.942225928971083315e-01
1.948528497076449928e-01
1.954566179340797016e-01
1.960997176944842824e-01
1.967404094017883298e-01
1.973289266252551966e-01
1.980691511940339267e-01
1.987082375326046368e-01
1.993521399773758307e-01
1.999623296787443882e-01
2.006351287607179013e-01
2.012621748337876659e-01
2.018827994319236929e-01
2.025066347675267830e-01
2.031176271532619815e-01
2.036788531082601161e-01
2.043139260249971778e-01
2.049714741040027377e-01
2.055302920059007554e-01
2.061613515008041131e-01
2.067458553024371926e-01
2.073223322604033358e-01
2.079084414307698359e-01
2.085049854979041106e-01
2.091392557302744204e-01
2.097992118623802082e-01
2.104399035696844500e-01
2.110268154244177019e-01
2.116482427069203975e-01
2.122953558891586823e-01
2.129248100153285639e-01
2.135390131385307977e-01
2.141973639019030817e-01
2.148083562876383634e-01
2.154337969919747908e-01
2.160311437434756510e-01
2.166967186661485356e-01
2.173205540017515702e-01
2.178745557974490210e-01
2.184799293926172059e-01
2.190548009818498454e-01
2.196866631611200382e-01
2.203129065498232730e-01
2.210162076377325258e-01
2.216023168080990535e-01
2.221699642380309814e-01
2.227400197210631372e-01
2.233686711628665722e-01
2.239909011297359365e-01
2.246091176747719298e-01
2.252024510044391969e-01
2.257933762810056810e-01
2.263393512330353630e-01
2.269623838842715902e-01
2.275725735856401755e-01
2.281530639654398007e-01
2.288250603630473390e-01
2.294344473800484230e-01
2.299900545444792943e-01
2.305384375496098703e-01
2.310924393453068493e-01
2.316841673062401408e-01
2.322598415798393379e-01
2.328740447030414329e-01
2.334858397731434942e-01
2.340944241057794639e-01
2.347519721847842467e-01
2.353942692608218812e-01
2.359876025904893704e-01
2.365632768640881789e-01
2.371863095153237400e-01
2.377868670042916355e-01
2.384307694490627461e-01
2.390634343126998851e-01
2.397514843976420451e-01
2.404066244235464334e-01
2.410128007030815089e-01
2.416655326758866684e-01
2.423022109613566510e-01
2.429212301907589244e-01
2.435346306295944341e-01
2.441383988560290041e-01
2.448087898849026778e-01
2.455112882884454839e-01
2.461375316771478861e-01
2.468039092841878279e-01
2.474189150917565083e-01
2.480716470645612237e-01
2.486063844354568231e-01
2.492197848742923882e-01
2.498484363160955180e-01
2.504786931266327898e-01
2.510367083441645830e-01
2.516107772490299710e-01
2.521824381007952698e-01
2.527669419024288211e-01
2.533811450256308051e-01
2.539648461428967718e-01
2.545710224224312923e-01
2.551691718582988488e-01
2.557255817070965276e-01
2.564112237389376547e-01
2.569571986909686134e-01
2.575063843804658026e-01
2.580828613384312242e-01
2.585437517475880909e-01
2.591202287055544007e-01
2.597368398818563073e-01
2.603309758958898823e-01
2.608833723228534685e-01
2.614815217587210250e-01
2.621222134660252667e-01
2.627420353797947361e-01
2.633771082965325472e-01
2.640033516852356432e-01
2.646103306491368601e-01
2.651876102914693112e-01
2.658210778394733964e-01
2.663983574818057365e-01
2.670077444988069315e-01
2.675705758225385700e-01
2.681374205681038014e-01
2.687556371131396560e-01
2.693947234517106715e-01
2.699784245689779150e-01
2.706134974857144493e-01
2.712678348272528073e-01
2.718772218442553901e-01
2.724673444364553720e-01
2.730068979135512053e-01
2.736459842521216657e-01
2.741855377292182205e-01
2.748214133303220619e-01
2.754203654505563703e-01
2.760666759484285415e-01
2.766367314314608361e-01
2.772541452921289951e-01
2.778635323091308007e-01
2.784986052258686118e-01
2.790887278180685382e-01
2.797053389943703339e-01
2.802593407900676459e-01
2.808253828512660699e-01
2.814419940275684762e-01
2.819783367671980234e-01
2.825837103623668467e-01
2.831786490607675622e-01
2.837743904435343634e-01
2.843805667230693279e-01
2.849377792562342582e-01
2.855889058603054420e-01
2.861292620217681937e-01
2.867691510447056280e-01
2.873640897431061214e-01
2.879823062881419204e-01
2.885844691458431810e-01
2.891489058383087674e-01
2.897534767491105612e-01
2.903427966569433472e-01
2.909602105176123943e-01
2.915503331098134310e-01
2.922375805103873958e-01
2.928068333090523834e-01
2.934097988511203958e-01
2.940368449241901327e-01
2.946727205252939186e-01
2.951825746808215412e-01
2.957983831727580837e-01
2.964085728741264747e-01
2.970051169412599168e-01
2.976313603299630683e-01
2.982206802377976862e-01
2.988164216205644319e-01
2.993824636817623563e-01
3.000135231766657973e-01
3.006863222586392270e-01
3.012242703670021116e-01
3.018135902748361188e-01
3.024518739290407154e-01
3.030989871112781397e-01
3.036987419158789225e-01
3.043514738886841098e-01
3.049175159498834220e-01
3.055180734388509012e-01
3.061836483615233417e-01
3.067986541690921887e-01
3.073984089736933600e-01
3.079355506581231139e-01
