1.052208753990047096e-01
1.015439014060986883e-01
9.827082467996214876e-02
9.521258468145957221e-02
9.233317667442110521e-02
8.960356762719627610e-02
8.701318942535928025e-02
8.453975825772663821e-02
8.217500244728230541e-02
7.991328514931979321e-02
7.774493751566241562e-02
7.566225023810899120e-02
7.365722210420118377e-02
7.173002077768406148e-02
6.987520766473484524e-02
6.809448364378309360e-02
6.637849098674142301e-02
6.471775698885783024e-02
6.311089261974034414e-02
6.156015302026306146e-02
6.006730718663746971e-02
5.862943828528664053e-02
5.724277682783724536e-02
5.590181431876169865e-02
5.460062494751546924e-02
5.333638015315089048e-02
5.210822267876057817e-02
5.091790897871567578e-02
4.976512806210659640e-02
4.865022920210996388e-02
4.757195191695662295e-02
4.652880494133686956e-02
4.551837469030481365e-02
4.453720315764375659e-02
4.358533463645475337e-02
4.266394555497894647e-02
4.177020519204120708e-02
4.090347885187080312e-02
4.006212348284166058e-02
3.924536446778544019e-02
3.845366342248001529e-02
3.768536180479040848e-02
3.693924418981616581e-02
3.621505540052013389e-02
3.551164595161915294e-02
3.482787308481131994e-02
3.416072847046191380e-02
3.351110034941864185e-02
3.288021753111058931e-02
3.226792100295783339e-02
3.167282018696305351e-02
3.109560599356457969e-02
3.053692001663246142e-02
2.999531195770184858e-02
2.946885496115116479e-02
2.895670270096003043e-02
2.845714353850204228e-02
2.797068614747424270e-02
2.749681599046999159e-02
2.703530394302317702e-02
2.658627945962245553e-02
2.614873527473459205e-02
2.572212832425975482e-02
2.530683033145429001e-02
2.490326446296252383e-02
2.451139788084545634e-02
2.412976409420055507e-02
2.375852931948292321e-02
2.339790953375084706e-02
2.304641256860454762e-02
2.270373889774670792e-02
2.236964158939029612e-02
2.204344435583721618e-02
2.172506473354523376e-02
2.141440480599153540e-02
2.111160364256558369e-02
2.081642668591696804e-02
2.052852855004567642e-02
2.024755816991122975e-02
1.997322321072120960e-02
1.970501532188608310e-02
1.944295639666899014e-02
1.918654214917256406e-02
1.893599953277246006e-02
1.869108056260999212e-02
1.845198417034670663e-02
1.821836984335455448e-02
1.799024771062720379e-02
1.776755846230087046e-02
1.754975758872480071e-02
1.733655945766354387e-02
1.712787998710333173e-02
1.692379655477286096e-02
1.672424002011994870e-02
1.652904031229132306e-02
1.633835052563776050e-02
1.615178239488154407e-02
1.596929815510588629e-02
1.579094551830970486e-02
1.561647195063037633e-02
1.544577177763504713e-02
1.527871449009818999e-02
1.511494351957685424e-02
1.495462483757331075e-02
1.479796003774095682e-02
1.464501402869080454e-02
1.449550256754241796e-02
1.434920745038082562e-02
1.420628569834878757e-02
1.406637088732318012e-02
1.392918974644909332e-02
1.379471357188226908e-02
1.366302409443147584e-02
1.353388286143730398e-02
1.340724442716896732e-02
1.328303701394568763e-02
1.316144686065290684e-02
1.304244065104502755e-02
1.292586308728818634e-02
1.281173172178852980e-02
1.269995680364966600e-02
1.259061732093884334e-02
1.248343154251985165e-02
1.237863313174231844e-02
1.227605409051216179e-02
1.217544403799789531e-02
1.207685433246971120e-02
1.198017761956947543e-02
1.188533841918485226e-02
1.179240723053444698e-02
1.170120228379506640e-02
1.161174899065983701e-02
1.152404517578778376e-02
1.143800486547932004e-02
1.135368320575465793e-02
1.127110012754242024e-02
1.119001954148529654e-02
1.111051196035695542e-02
1.103263652835347747e-02
1.095632719937528719e-02
1.088159122629656257e-02
1.080840369093794863e-02
1.073673561604907532e-02
1.066654537509631115e-02
1.059776342744073348e-02
1.053031348110925955e-02
1.046417312453947271e-02
1.039934031828028752e-02
1.033590633134451146e-02
1.027372146960443475e-02
1.021258007527481478e-02
1.015245990081175241e-02
1.009338167929728532e-02
1.003541379397838648e-02
9.978501147441596122e-03
9.922627959529764508e-03
9.867787648770819445e-03
9.813859672949742236e-03
9.760911192910063511e-03
9.708898157669940132e-03
9.657866309374676245e-03
9.607751959038537265e-03
9.558569834260538522e-03
9.510250691616017535e-03
9.462786401415493667e-03
9.416100637911263907e-03
9.370196005728238103e-03
9.325085718816319286e-03
9.280716393508459811e-03
9.237052278269632100e-03
9.194124080231888541e-03
9.151875858745248810e-03
9.110304361517416322e-03
9.069367309898754281e-03
9.029105526115983188e-03
8.989433964284206102e-03
8.950392879935480106e-03
8.911931096231969981e-03
8.874020426932622760e-03
8.836723670620173429e-03
8.800046102222607719e-03
8.763998840864579629e-03
8.728552313685248448e-03
8.693675177922060432e-03
8.659399170495751114e-03
8.625690843724114973e-03
8.592514161641064130e-03
8.559902200064018613e-03
8.527799809557990926e-03
8.496236429641389198e-03
8.465164631781468135e-03
8.434613305062158353e-03
8.404551823379865713e-03
8.374969909576077121e-03
8.345864332860931240e-03
8.317234864198918762e-03
8.289064119608002823e-03
8.261295113219735767e-03
8.233901716270173449e-03
8.206884655157732980e-03
8.180258494711174083e-03
8.154027325473045540e-03
8.128193579272550637e-03
8.102752837956498852e-03
8.077712640613696551e-03
8.053055945017446177e-03
8.028761573371276383e-03
8.004848631146907478e-03
7.981307798812987964e-03
7.958117912553980960e-03
7.935277079512019494e-03
7.912760411769085428e-03
7.890561411974784944e-03
7.868670343034536024e-03
7.847089292810527361e-03
7.825832679214647647e-03
7.804887752916662980e-03
7.784264245908664899e-03
7.763936622943050370e-03
7.743903792097973048e-03
7.724146773245323117e-03
7.704659008703588184e-03
7.685428396245783805e-03
7.666497009329037091e-03
7.647824915251772056e-03
7.629416585673166190e-03
7.611260016845822381e-03
7.593379751588994961e-03
7.575769062072195033e-03
7.558442089057268790e-03
7.541413342745193621e-03
7.524646639991429929e-03
7.508149572180810964e-03
7.491922551528807685e-03
7.475953888112810315e-03
7.460250887013885820e-03
7.444788996941036595e-03
7.429593056582510339e-03
7.414625448526944961e-03
7.399860594236483229e-03
7.385293007382650286e-03
7.370928683224860049e-03
7.356767195501549145e-03
7.342818982208555896e-03
7.329069430130142997e-03
7.315522404173136449e-03
7.302180917300529067e-03
7.289052921914992988e-03
7.276135114198064614e-03
7.263405972468445736e-03
7.250875399449720204e-03
7.238528707645047744e-03
7.226373574249018474e-03
7.214412728582840668e-03
7.202624701092855131e-03
7.190997523848836025e-03
7.179541262233518975e-03
7.168253223292687590e-03
7.157138812083497191e-03
7.146180346078289530e-03
7.135378289848275969e-03
7.124729422260412184e-03
7.114249094575047019e-03
7.103923724629078798e-03
7.093741021527041196e-03
7.083709875475351601e-03
7.073824274581383062e-03
7.064074673461450717e-03
7.054472915336422977e-03
7.045009307767188117e-03
7.035681908357824949e-03
7.026485377176298723e-03
7.017428082038481944e-03
7.008505433025467857e-03
6.999723841157675860e-03
6.991075438826783311e-03
6.982554066785650118e-03
6.974158879926535548e-03
6.965891617814651965e-03
6.957749671081449143e-03
6.949731478969533964e-03
6.941824739833140148e-03
6.934050702277305515e-03
6.926397741402519175e-03
6.918849728885267600e-03
6.911409515325520406e-03
6.904073818668668601e-03
6.896840267806231620e-03
6.889705577066790494e-03
6.882670088783237293e-03
6.875719589335131665e-03
6.868864164118558720e-03
6.862106759345803011e-03
6.855445526911299256e-03
6.848872412647455908e-03
6.842396785011120933e-03
6.836014543530428630e-03
6.829723199718071291e-03
6.823525078714962055e-03
6.817423052244253601e-03
6.811416920333005810e-03
6.805505658381677189e-03
6.799682752450735869e-03
6.793943854431027003e-03
6.788289041358436943e-03
6.782710132289198647e-03
6.777214511455756374e-03
6.771798687706509674e-03
6.766462272400587327e-03
6.761199549618551047e-03
6.756006010430847322e-03
6.750888672130861412e-03
6.745844265970971781e-03
6.740866431094180190e-03
6.735949988649487553e-03
6.731098408419275425e-03
6.726314998802834441e-03
6.721605506546595755e-03
6.716958438242965658e-03
6.712381130771980821e-03
6.707872676782571097e-03
6.703430314940491894e-03
6.699051944852865356e-03
6.694740733530669605e-03
6.690492557581081273e-03
6.686308246145425405e-03
6.682194872129683383e-03
6.678143475663575468e-03
6.674158389998068909e-03
6.670232595313696673e-03
6.666366122207176628e-03
6.662561972160850089e-03
6.658801342996577971e-03
6.655096151497612300e-03
6.651432910433963119e-03
6.647813949179180379e-03
6.644248649627677340e-03
6.640726811411565983e-03
6.637252363844859358e-03
6.633834354358175527e-03
6.630461142536101665e-03
6.627133552145962093e-03
6.623847081756326083e-03
6.620610293877281748e-03
6.617413378502476698e-03
6.614261979558846115e-03
6.611151469151593449e-03
6.608096746003065680e-03
6.605086821928883058e-03
6.602125250957045430e-03
6.599207076036396093e-03
6.596333186214523199e-03
6.593497718414166944e-03
6.590705204736010785e-03
6.587951973292593966e-03
6.585234169670862135e-03
6.582550114941744003e-03
6.579900666504511809e-03
6.577289687389421477e-03
6.574720154326786636e-03
6.572187593697468092e-03
6.569694394013858053e-03
6.567241477389520847e-03
6.564822785555905586e-03
6.562434958456173605e-03
6.560086810585197617e-03
6.557770313646603573e-03
6.555489811019445459e-03
6.553242840382048594e-03
6.551034235951040674e-03
6.548859242074199852e-03
6.546712277447503010e-03
6.544597448301342317e-03
6.542515490628947675e-03
6.540461466001633133e-03
6.538438081379080273e-03
6.536440436462107040e-03
6.534477172470190380e-03
6.532546476183393250e-03
6.530641111538630986e-03
6.528763690957737134e-03
6.526911323165522812e-03
6.525090175131644313e-03
6.523296186877959764e-03
6.521530068799367454e-03
6.519792533864689384e-03
6.518083329546543736e-03
6.516401028676234788e-03
6.514747573583281985e-03
6.513117923516388054e-03
6.511513865237513604e-03
6.509935616217418786e-03
6.508386196185505894e-03
6.506864729129090662e-03
6.505365980310456875e-03
6.503891769293605740e-03
6.502445963539610872e-03
6.501019141741433069e-03
6.499615910209860861e-03
6.498234631886150477e-03
6.496878474461255208e-03
6.495545207423274008e-03
6.494236452499174000e-03
6.492953953380158766e-03
6.491695258550458404e-03
6.490454881071366575e-03
6.489236716529300092e-03
6.488039613016255945e-03
6.486862519183725015e-03
6.485709221428986350e-03
6.484577730175324767e-03
6.483467606501220476e-03
6.482377718097703800e-03
6.481308668544491329e-03
6.480263499351338920e-03
6.479238695373991039e-03
6.478230182042079947e-03
6.477239923761331404e-03
6.476271020698690616e-03
6.475323258644427767e-03
6.474395039442633164e-03
6.473482118072641962e-03
6.472588920878884038e-03
6.471712860382057390e-03
6.470852217882154186e-03
6.470012100046058055e-03
6.469189369066490232e-03
6.468384379397302403e-03
6.467595946123370215e-03
6.466825325783463405e-03
6.466073003217329314e-03
6.465330417635248468e-03
6.464606579370151158e-03
6.463899636724230145e-03
6.463207683700957287e-03
6.462528576215917364e-03
6.461863510161525853e-03
6.461215315330210915e-03
6.460583229919749683e-03
6.459965678255830644e-03
6.459364799659158760e-03
6.458778465704589564e-03
6.458205468253642306e-03
6.457643641609576123e-03
6.457095382471873118e-03
6.456558175353588683e-03
6.456033481841002772e-03
6.455522443029884476e-03
6.455025362686509817e-03
6.454539180780221978e-03
6.454064833249579386e-03
6.453602152858089157e-03
6.453152089644028505e-03
6.452713994895417464e-03
6.452288136361106034e-03
6.451872047658121362e-03
6.451467902555677557e-03
6.451075172049547043e-03
6.450694352787118835e-03
6.450324607829875309e-03
6.449966264658707829e-03
6.449617965734227333e-03
6.449278350997296461e-03
6.448950284484906287e-03
6.448633924871318042e-03
6.448327932938007455e-03
6.448031410392302508e-03
6.447743391340143154e-03
6.447465671024259042e-03
6.447198085605528213e-03
6.446939002446716929e-03
6.446689680635521273e-03
6.446449011418890068e-03
6.446217792092475557e-03
6.445995261120662789e-03
6.445780522884418835e-03
6.445571197472589262e-03
6.445370520827333263e-03
6.445178695410327604e-03
6.444994681892348039e-03
6.444817312359830963e-03
6.444646746331602477e-03
6.444482837487387240e-03
6.444326706611285330e-03
6.444177229792273469e-03
6.444033924521773427e-03
6.443895464258742392e-03
6.443762751705388488e-03
6.443636616624634147e-03
6.443518033105662818e-03
6.443405366758097122e-03
6.443299745444185968e-03
6.443199677331379500e-03
6.443106971046027968e-03
6.443021679249846638e-03
6.442943811736898639e-03
6.442874392233556742e-03
6.442811842915454994e-03
6.442759532642162307e-03
6.442718349539269980e-03
6.442691363458143312e-03
