1.052208753990020174e-01
1.041532521226383040e-01
1.031529501996895776e-01
1.021952105865061439e-01
1.012685527173710492e-01
1.003651897184756614e-01
9.948095734631133558e-02
9.861368729968035540e-02
9.776161268084911093e-02
9.692510956694527779e-02
9.610228398018610951e-02
9.529280670074030679e-02
9.449682636728620744e-02
9.371332716981251032e-02
9.294246573741851702e-02
9.218177560441664919e-02
9.143181905870299830e-02
9.069174048231984364e-02
8.996363684419697582e-02
8.924630765269336852e-02
8.853844490216715435e-02
8.784005417532692039e-02
8.715006418102928809e-02
8.646912014178993744e-02
8.579657864302296655e-02
8.513138832092215225e-02
8.447445390223090600e-02
8.382488247005046023e-02
8.318354917275777582e-02
8.255079671833726040e-02
8.192576267327424111e-02
8.130816663422486823e-02
8.069763458452758331e-02
8.009330333311664996e-02
7.949562686042734028e-02
7.890563975396823471e-02
7.832213222954645393e-02
7.774493751564962030e-02
7.717414875029053600e-02
7.660949325296712020e-02
7.605032874582638713e-02
7.549688494314446552e-02
7.494908931108915096e-02
7.440686036391154501e-02
7.387020424892543069e-02
7.333965524224257682e-02
7.281522540660656517e-02
7.229545528740027871e-02
7.178115967127524089e-02
7.127223281400277277e-02
7.076813527041873886e-02
7.026986170074932259e-02
6.977707654454164132e-02
6.928979495148326895e-02
6.880789521658627061e-02
6.833101099842391057e-02
6.785916173407981200e-02
6.739173856650637617e-02
6.692876893940886973e-02
6.646977120241520653e-02
6.601490612764820964e-02
6.556392070220935786e-02
6.511681117649491257e-02
6.467363600134633239e-02
6.423449551183453565e-02
6.379890431418050456e-02
6.336754425222169973e-02
6.294060096431869367e-02
6.251771424178415026e-02
6.209866903205030209e-02
6.168375067781482757e-02
6.127320223735873567e-02
6.086712085887030499e-02
6.046543467526940135e-02
6.006730718633902788e-02
5.967326750814500036e-02
5.928319466464140874e-02
5.889724860811017260e-02
5.851523020919485035e-02
5.813657329403477958e-02
5.776150388034278355e-02
5.739032196140844005e-02
5.702232606201229625e-02
5.665766443290877474e-02
5.629602504769459781e-02
5.593751137936371631e-02
5.558169080532885525e-02
5.522863611122089122e-02
5.487857347300933997e-02
5.453137107822390167e-02
5.418657000218182057e-02
5.384454581153402808e-02
5.350511573676083876e-02
5.316838997082019846e-02
5.283426877611455130e-02
5.250256263955112995e-02
5.217366604826598891e-02
5.184776206277669219e-02
5.152455755811774507e-02
5.120394236763903262e-02
5.088624508191331997e-02
5.057125277469992630e-02
5.025895042155148484e-02
4.994939729779629412e-02
4.964273868968619580e-02
4.933882974443176694e-02
4.903768217522250922e-02
4.873923203944977023e-02
4.844343623015417988e-02
4.815035720070747621e-02
4.785993182521671579e-02
4.757195191601451545e-02
4.728636568714320032e-02
4.700357520913761578e-02
4.672347864909094650e-02
4.644571412821694306e-02
4.617015949623431287e-02
4.589699361623132690e-02
4.562614690777959392e-02
4.535737162625532587e-02
4.509059535618063080e-02
4.482590230206894705e-02
4.456335187071209375e-02
4.430289395251770651e-02
4.404459482949991955e-02
4.378843082363880618e-02
4.353478156339765648e-02
4.328327812021742771e-02
4.303391017589059536e-02
4.278680276149005035e-02
4.254154111567657465e-02
4.229827799938868510e-02
4.205705741345752008e-02
4.181783139682820893e-02
4.158055788300176608e-02
4.134520128596248095e-02
4.111193926963701423e-02
4.088039799828266374e-02
4.065071920891753787e-02
4.042292799064722830e-02
4.019682291889761089e-02
3.997267333765794350e-02
3.975029282319315210e-02
3.952963562034813444e-02
3.931070751503411981e-02
3.909364851458567436e-02
3.887870912528314238e-02
3.866537344693546374e-02
3.845366342098444773e-02
3.824375311094614649e-02
3.803558037953089221e-02
3.782902712550722385e-02
3.762403059536127692e-02
3.742061214816838621e-02
3.721897304054795630e-02
3.701883149585795396e-02
3.682030347652370805e-02
3.662342122782726722e-02
3.642810803046094698e-02
3.623434579729271909e-02
3.604211399526303233e-02
3.585135671157563264e-02
3.566204766982276897e-02
3.547418952059553515e-02
3.528773711420700454e-02
3.510286664063234224e-02
3.491925809569557115e-02
3.473677290402314710e-02
3.455543920578264816e-02
3.437529945887220217e-02
3.419636573454093442e-02
3.401869611146072364e-02
3.384228949397084796e-02
3.366728461666471800e-02
3.349381964898279218e-02
3.332167976386851693e-02
3.315080911420895116e-02
3.298126978419532035e-02
3.281309857265383989e-02
3.264628388187269803e-02
3.248091078236123308e-02
3.231686645078375025e-02
3.215410102644686297e-02
3.199240601784662796e-02
3.183192641086614316e-02
3.167282018487105333e-02
3.151502861599231320e-02
3.135853395573842683e-02
3.120339193818660872e-02
3.104962310078531601e-02
3.089729788107350994e-02
3.074617827188331001e-02
3.059646135889373952e-02
3.044798838547949776e-02
3.030069888193365549e-02
3.015454140408931061e-02
3.000973480518953282e-02
2.986599499771533384e-02
2.972328011956426597e-02
2.958150882615679170e-02
2.944082140146045065e-02
2.930127969444939681e-02
2.916277609195499360e-02
2.902516649974429958e-02
2.888844947199211907e-02
2.875264668177545530e-02
2.861777798907784096e-02
2.848382654881609702e-02
2.835082122018207917e-02
2.821875869764272488e-02
2.808780003945452949e-02
2.795771840832676769e-02
2.782854640401105639e-02
2.770026693594275849e-02
2.757281747445171002e-02
2.744634443221860218e-02
2.732078389104813237e-02
2.719606762839910097e-02
2.707225771180964136e-02
2.694944338770090611e-02
2.682753410248587059e-02
2.670653540463898204e-02
2.658627945716524402e-02
2.646689582496632165e-02
2.634835020906133723e-02
2.623067033069462206e-02
2.611374098964686433e-02
2.599758660192352799e-02
2.588224064919112180e-02
2.576772136266941224e-02
2.565399637282278142e-02
2.554108744083589261e-02
2.542906293229774822e-02
2.531790130290206831e-02
2.520758682372667425e-02
2.509814638174066512e-02
2.498953405531321656e-02
2.488179199571604119e-02
2.477490680171719889e-02
2.466885220585679148e-02
2.456367753386494088e-02
2.445926993578637076e-02
2.435551339526422290e-02
2.425247527262116079e-02
2.415012777505600935e-02
2.404862445503536811e-02
2.394786426851600383e-02
2.384784658505341437e-02
2.374864486030315094e-02
2.365017231583713131e-02
2.355256611842787215e-02
2.345571003761907913e-02
2.335948516012494730e-02
2.326385581083594001e-02
2.316888143293494712e-02
2.307456891134383389e-02
2.298095511173580199e-02
2.288796296229557090e-02
2.279553005484915781e-02
2.270373889481996574e-02
2.261253797082467265e-02
2.252205777032658535e-02
2.243221354805451095e-02
2.234291051130332662e-02
2.225412945059113135e-02
2.216589067376731684e-02
2.207831394297581420e-02
2.199130732799954580e-02
2.190486234588072054e-02
2.181894530681510735e-02
2.173357015832822967e-02
2.164875383823544261e-02
2.156452615413607596e-02
2.148089645534554878e-02
2.139783517396808346e-02
2.131534887722997401e-02
2.123344793113947360e-02
2.115207430262092472e-02
2.107126558620008375e-02
2.099101398734181875e-02
2.091137091121243741e-02
2.083219529082721774e-02
2.075357768311310996e-02
2.067554009716784588e-02
2.059794667323805104e-02
2.052083860484849379e-02
2.044423236160175517e-02
2.036816189734558247e-02
2.029261747559222076e-02
2.021760915408019402e-02
2.014305137816441160e-02
2.006890803304648557e-02
1.999522663903423314e-02
1.992203076616683513e-02
1.984926649604249957e-02
1.977692733948918299e-02
1.970501531868391193e-02
1.963357620485898375e-02
1.956260939369959193e-02
1.949207690075969307e-02
1.942196663021038966e-02
1.935223205665911189e-02
1.928287696954762709e-02
1.921398185043514048e-02
1.914552685290030545e-02
1.907747404866592250e-02
1.900986262072806854e-02
1.894269578804874329e-02
1.887590456969983482e-02
1.880949288603580780e-02
1.874351897605859227e-02
1.867801489127575432e-02
1.861293161873251584e-02
1.854823932516438262e-02
1.848396492406267563e-02
1.842009090431712473e-02
1.835658919078468967e-02
1.829351087393668585e-02
1.823085270608917896e-02
1.816860946844615909e-02
1.810674130759912931e-02
1.804523408040875979e-02
1.798415739163284482e-02
1.792348517184088816e-02
1.786320906543572770e-02
1.780331902973701294e-02
1.774378975016800003e-02
1.768459319338321761e-02
1.762574990098164651e-02
1.756724015086517932e-02
1.750909952984692694e-02
1.745128061032851299e-02
1.739375761967837039e-02
1.733655945421755384e-02
1.727971571385018140e-02
1.722319193923058100e-02
1.716700558209153377e-02
1.711116221179787705e-02
1.705566971313371774e-02
1.700050787029587507e-02
1.694564581092888531e-02
1.689113365872350198e-02
1.683697482952689617e-02
1.678313658586139123e-02
1.672957904892630535e-02
1.667633765656500316e-02
1.662344513625606951e-02
1.657086401267290204e-02
1.651862066809327984e-02
1.646673184569797874e-02
1.641515962047623151e-02
1.636387823988448217e-02
1.631290562818248774e-02
1.626223002070658480e-02
1.621184130633288034e-02
1.616176194627571422e-02
1.611198575474843617e-02
1.606250523366387420e-02
1.601331716430583543e-02
1.596442130360009939e-02
1.591583015272157037e-02
1.586756218633864762e-02
1.581958677885286421e-02
1.577190467699316964e-02
1.572448286889189042e-02
1.567734079407445691e-02
1.563047887867878918e-02
1.558387739236064516e-02
1.553755828767605304e-02
1.549152550553202327e-02
1.544577177392076998e-02
1.540027722631503830e-02
1.535504281061619153e-02
1.531005557180090126e-02
1.526532248336564569e-02
1.522081104779248080e-02
1.517651767844306436e-02
1.513248509128486789e-02
1.508870429179745391e-02
1.504517475784913905e-02
1.500190561854906034e-02
1.495891061604614179e-02
1.491617853566526083e-02
1.487372268971883828e-02
1.483152495043384492e-02
1.478959571246512075e-02
1.474794617297990433e-02
1.470656893907089022e-02
1.466546732690502362e-02
1.462461812228335427e-02
1.458401706946005870e-02
1.454364885414622353e-02
1.450350233058992667e-02
1.446359402768380292e-02
1.442390108561559560e-02
1.438446150322989121e-02
1.434530334726134664e-02
1.430640257315562644e-02
1.426772765772473146e-02
1.422925863909946589e-02
1.419102126748351955e-02
1.415302239547114663e-02
1.411521346423599138e-02
1.407761010779552506e-02
1.404021369785263783e-02
1.400302869436280233e-02
1.396601902101838114e-02
1.392918974260336749e-02
1.389258052964823312e-02
1.385615599583209928e-02
1.381993501935910133e-02
1.378394045022479641e-02
1.374814373214350641e-02
1.371254138230418480e-02
1.367712983731018093e-02
1.364191733520295387e-02
1.360687475451149119e-02
1.357201062997424879e-02
1.353734004100187564e-02
1.350284938209218508e-02
1.346853652209863139e-02
1.343442210439074400e-02
1.340046586537768473e-02
1.336667670573031194e-02
1.333306870264536551e-02
1.329966149671403530e-02
1.326646051027202157e-02
1.323344681790974628e-02
1.320060603991285615e-02
1.316795563808825613e-02
1.313550545755664059e-02
1.310324279551550175e-02
1.307116056659118723e-02
1.303925901611600532e-02
1.300752141041435807e-02
1.297596909026981285e-02
1.294459502181979568e-02
1.291340735289323027e-02
1.288239767541293768e-02
1.285156535307255266e-02
1.282090063951053967e-02
1.279039268059209769e-02
1.276004368748541104e-02
1.272991053126747846e-02
1.269995679968455998e-02
1.267018379723942531e-02
1.264057309809349210e-02
1.261113108554678085e-02
1.258184709552959135e-02
1.255270866368826677e-02
1.252372750372509995e-02
1.249491140966989267e-02
1.246626930530349113e-02
1.243782635634449116e-02
1.240954259373824344e-02
1.238143414967726903e-02
1.235349220954613109e-02
1.232571313435239235e-02
1.229806616575209594e-02
1.227056576072682245e-02
1.224320173755486831e-02
1.221598394668802802e-02
1.218891804707275366e-02
1.216200712846524090e-02
1.213523376582481030e-02
1.210860666160655692e-02
1.208213135238714667e-02
1.205579779405592349e-02
1.202959226429845853e-02
1.200352244718775122e-02
1.197759078820083076e-02
1.195179022209766177e-02
1.192611664493429223e-02
1.190058798267017680e-02
1.187520295417293301e-02
1.184995294946468783e-02
1.182484399456382694e-02
1.179987373476092984e-02
1.177502772232689315e-02
1.175030601035205111e-02
1.172569624024085398e-02
1.170120227974932002e-02
1.167684287093459505e-02
1.165262183705996837e-02
1.162853537945916955e-02
1.160457443110522388e-02
1.158074046386754763e-02
1.155701915872560555e-02
1.153344327062856382e-02
1.150997978388565608e-02
1.148662005413899137e-02
1.146339550855334129e-02
1.144030761234718536e-02
1.141733776920055010e-02
1.139448993510041447e-02
1.137176734421902272e-02
1.134917547411808288e-02
1.132671319842768268e-02
1.130437957310928901e-02
1.128216554871527486e-02
1.126061234064933830e-02
