1.364937380075521708e-05
2.081115073949555382e-03
4.194333783001921723e-03
6.309960545154470919e-03
8.456089313242747679e-03
1.061506103119870016e-02
1.275155758688623422e-02
1.499962726954912756e-02
1.727097479884717041e-02
1.951743911277660157e-02
2.177112758600658129e-02
2.407217443687355296e-02
2.631462532896932174e-02
2.860282922996861335e-02
3.084287206896419581e-02
3.313910281363084687e-02
3.538958054939394388e-02
3.765209855065800720e-02
4.009682590316958339e-02
4.258730626458474833e-02
4.504246851386381478e-02
4.746472070410698296e-02
4.993272590325371907e-02
5.234293782799594175e-02
5.463033904462858553e-02
5.691774026126118768e-02
5.907029050428310585e-02
6.140906352038619231e-02
6.370128084321895201e-02
6.610426860866037979e-02
6.847675436816608174e-02
7.086288576190617750e-02
7.336380102008860371e-02
7.588959949363960344e-02
7.827974430921334770e-02
8.073330118975871605e-02
8.327274529754410959e-02
8.575198807782481725e-02
8.824808722980684306e-02
9.056759582110843199e-02
9.295613526794883896e-02
9.532219955252073385e-02
9.774846516459735624e-02
1.001089106586021127e-01
1.024621319933063102e-01
1.048362231215454327e-01
1.072512511524877504e-01
1.097593905699706662e-01
1.120764911081721243e-01
1.145228238294173362e-01
1.170100934533656184e-01
1.194877308649131969e-01
1.220303857101658895e-01
1.245337090214489739e-01
1.270153598548303120e-01
1.295042348475121397e-01
1.320075581587951130e-01
1.344265996115714956e-01
1.367164088813045131e-01
1.390038100979373303e-01
1.413096730550049696e-01
1.437110554517131988e-01
1.460297613586483689e-01
1.484022471181544456e-01
1.508646335267340155e-01
1.533077555105124001e-01
1.557380345444228931e-01
1.580912558791274236e-01
1.605183241755708534e-01
1.629871320590844108e-01
1.654358728334298367e-01
1.679456176196465755e-01
1.705011154147672015e-01
1.729899904074486683e-01
1.753713056949886551e-01
1.778224545224340869e-01
1.802414959752102752e-01
1.827143172805574256e-01
1.851429909457343315e-01
1.876519330475843739e-01
1.900035490135553451e-01
1.924811864251030069e-01
1.950013661080872429e-01
1.975994061746442487e-01
2.000513576864562104e-01
2.024126058648282322e-01
2.047618137776988922e-01
2.070171076196623550e-01
2.093751450605672304e-01
2.117379986076722564e-01
2.140374400898057972e-01
2.163770157902757951e-01
2.187117753845454760e-01
2.211219873092876709e-01
2.234992891749938704e-01
2.258653534595663204e-01
2.282731573312073992e-01
2.306063115567436317e-01
2.331264912397268962e-01
2.354066682970596958e-01
2.378329339091364569e-01
2.402527780462780094e-01
2.426437255462197407e-01
2.450571482084288877e-01
2.474416742334345221e-01
2.499265358042833951e-01
2.523479853101600612e-01
2.547710401847687600e-01
2.572438614901165765e-01
2.595569486064846498e-01
2.618266907670480648e-01
2.641550288863846463e-01
2.665499898081590824e-01
2.689850849482684492e-01
2.713768351325769324e-01
2.737083839893791337e-01
2.760327086868803459e-01
2.785103460984275636e-01
2.809960103536424669e-01
2.834600021309563456e-01
2.858653979494972242e-01
2.882178165998356412e-01
2.906850191146161944e-01
2.930567021897539370e-01
2.954885865923980726e-01
2.979100360982749329e-01
3.002712842766476764e-01
3.026477834579863746e-01
3.048958531406502082e-01
3.072562986346550895e-01
3.095356730076212481e-01
3.117692943716820486e-01
3.141064620190521794e-01
3.164251679259870720e-01
3.188048778447943876e-01
3.211942199760010053e-01
3.235739298948073772e-01
3.258974519079429477e-01
3.282924128297184940e-01
3.306424234269546569e-01
3.329852098648917180e-01
3.353015077187268544e-01
3.375929223571944027e-01
3.399108255797615996e-01
3.422945489204016756e-01
3.445434212874318725e-01
3.469078802032719566e-01
3.491992948417368958e-01
3.515348571203733008e-01
3.538928945612794252e-01
3.562950796423546840e-01
3.586531170832594206e-01
3.610841988015363047e-01
3.635698630567514855e-01
3.659046226510208610e-01
3.683011889415302997e-01
3.706752800697685757e-01
3.729634839707681171e-01
3.754258703793479923e-01
3.778553467288929268e-01
3.803105089781713688e-01
3.827062725843123903e-01
3.851614348335931082e-01
3.877442238971812727e-01
3.901159069723216244e-01
3.925477913749646497e-01
3.949435549811062818e-01
3.973353051654138213e-01
3.997358848777571860e-01
4.021814149146348272e-01
4.044953047153692083e-01
4.069231756961805835e-01
4.093133205117534534e-01
4.117371780707320128e-01
4.141674571046414233e-01
4.164588717431078058e-01
4.187751695969441634e-01
4.210529386011749864e-01
4.234671639477528005e-01
4.258581114476921448e-01
4.283060495376708188e-01
4.305918453855708261e-01
4.331023928561543168e-01
4.355254477307651251e-01
4.378778663811020433e-01
4.401853347069028533e-01
4.426324701125146643e-01
4.449969290283543599e-01
4.473782443158951239e-01
4.497467166535666916e-01
4.522412104368169761e-01
4.545888129809597111e-01
4.570231054367024925e-01
4.594421468894770988e-01
4.619743668379611701e-01
4.645699988514226386e-01
4.670765329001745347e-01
4.696994561820946323e-01
4.721795016467440487e-01
4.747590799728683697e-01
4.772447442280881580e-01
4.797568970674011002e-01
4.823717935056573425e-01
4.847555168462993613e-01
4.872427864702526534e-01
4.897645715219723361e-01
4.923136478421535345e-01
4.948482758437393048e-01
4.974350783291646705e-01
4.999897734399244009e-01
5.025854054533788196e-01
5.051280602986281121e-01
5.077983419581924007e-01
5.103361806972463999e-01
5.128964945985737822e-01
5.154576111842569253e-01
5.180925747316810215e-01
5.205501450340612735e-01
5.230984186698860450e-01
5.257879647542530455e-01
5.283603189210697160e-01
5.311028421736381233e-01
5.337289761930319454e-01
5.363727692684976400e-01
5.389587690695536448e-01
5.415255044458047173e-01
5.441676921525325783e-01
5.467785751689611118e-01
5.495106635247680726e-01
5.522427518805652635e-01
5.550390549857017186e-01
5.577390359668356057e-01
5.604903887474401714e-01
5.630370570145329934e-01
5.657595131579273851e-01
5.684161491832556701e-01
5.711883717573930097e-01
5.739453433285666151e-01
5.763531472002143552e-01
5.790635630781062471e-01
5.816896970975006242e-01
5.842813156891246695e-01
5.870117986761972384e-01
5.896596051734950272e-01
5.921805875408413522e-01
5.948259859850346665e-01
5.976182756683425801e-01
6.003969197174148231e-01
6.030246591055464789e-01
6.058305944230855111e-01
6.084920465546120871e-01
6.113220624031547867e-01
6.140702044462900133e-01
6.169411571975403907e-01
6.197310388277482707e-01
6.223981097498386683e-01
6.250635753032031117e-01
6.277547267563018396e-01
6.304113627816337884e-01
6.333047906951525530e-01
6.360633676350514465e-01
6.387280305040454742e-01
6.414922262345188475e-01
6.440910689854416615e-01
6.468175385506795827e-01
6.492582524813633738e-01
6.518691354977822483e-01
6.542616883664575944e-01
6.570106330939619044e-01
6.596905469659248844e-01
6.624073843187620048e-01
6.651017465093315151e-01
6.680240710600429122e-01
6.707144198287722237e-01
6.735757403676194688e-01
6.763608058916245058e-01
6.790415224479580125e-01
6.817623732226305577e-01
6.845386092185968829e-01
6.875339780466828143e-01
6.903174382019573452e-01
6.928608957315790517e-01
6.954830163291381151e-01
6.984302240952269258e-01
7.012297379378328310e-01
7.040348705710032240e-01
7.069868944432889935e-01
7.099252726813419789e-01
7.128066603293548020e-01
7.158469794819843912e-01
7.186761926461608940e-01
7.216025306187053845e-01
7.243474619243741586e-01
7.272850374780607252e-01
7.303117109964520903e-01
7.332332328628039519e-01
7.360343520741496892e-01
7.388218256512513182e-01
7.415675596412845128e-01
7.442161688229480543e-01
7.469635081817189715e-01
7.495583375108080260e-01
7.520359749223587409e-01
7.547487988533634340e-01
7.575218241118654161e-01
7.600652816414817936e-01
7.626263982271703767e-01
7.653560785298739733e-01
7.679549212807975644e-01
7.706870096365990852e-01
7.735523435972820883e-01
7.764706547261648328e-01
7.791666222854586321e-01
7.818401146824892622e-01
7.844614325956841272e-01
7.872978699191596208e-01
7.901640065642052679e-01
7.931216492270591889e-01
7.958360785267957205e-01
7.987728513961112053e-01
8.017032027904921199e-01
8.045709448042690504e-01
8.073062438975399102e-01
8.101250221649479721e-01
8.128683481018836865e-01
8.153556177258365345e-01
8.179913839576348211e-01
8.208743769743754859e-01
8.236706800795121630e-01
8.265560811493616322e-01
8.294768003313456317e-01
8.323437396607561434e-01
8.352291407306042803e-01
8.380182196764487390e-01
8.410665656727372985e-01
8.439086217867771689e-01
8.468582376059621275e-01
8.497163474073434752e-01
8.527069001292300054e-01
8.557480219662224608e-01
8.584287385225581879e-01
8.613566818638415112e-01
8.642188050870471816e-01
8.668754411123765768e-01
8.694510060166688037e-01
8.722103856409390010e-01
8.752860229056989017e-01
8.779619233558314528e-01
8.809027096469864704e-01
8.839149348467729705e-01
8.866951842645748316e-01
8.894184430923433027e-01
8.919683220968999127e-01
8.945992722224923588e-01
8.973128988378583637e-01
8.998980959545516134e-01
9.026606863162884853e-01
9.054393303653521796e-01
9.082260012580812836e-01
9.109243768704800015e-01
9.135866316863863190e-01
9.164880864435590579e-01
9.193445908762019059e-01
9.221746067247433842e-01
9.248328481188033967e-01
9.276652720204353608e-01
9.305322113498544212e-01
9.334641681129686175e-01
9.361986645218689507e-01
9.390367072140723970e-01
9.417150157172988756e-01
9.444647631291676060e-01
9.474938447006654441e-01
9.503784430861375032e-01
9.531602978726714248e-01
9.558763325411374634e-01
9.588604637880860926e-01
9.615476018193442886e-01
9.641448392015445901e-01
9.669074295632896776e-01
9.699180493943327930e-01
9.729864624997847100e-01
9.760187548087375653e-01
9.790133209524591873e-01
9.820287568897259067e-01
9.848274680479578436e-01
9.876398248404338887e-01
9.905123829604084440e-01
9.933969813458789488e-01
9.965079367227740459e-01
9.995651122471120864e-01
1.002501082432052604e+00
1.005577522381178479e+00
1.008438040235652755e+00
1.011121164845082188e+00
1.014069977979900505e+00
1.016871899875611884e+00
1.019990079411800421e+00
1.022842570422611619e+00
1.025945498955835422e+00
1.029131103978831785e+00
1.032139315756794407e+00
1.035261508714838685e+00
1.038296209076882359e+00
1.041441679881538906e+00
1.044508487618261094e+00
1.047234957183494686e+00
1.050767321852934089e+00
1.053670381978840220e+00
1.056848762842542699e+00
1.059781522290027311e+00
1.062662107253664390e+00
1.065770654577457455e+00
1.069065424674347176e+00
1.071880992204281569e+00
1.075038503274444723e+00
1.077996145937289540e+00
1.081165697272953086e+00
1.084635452561791169e+00
1.087832295165923169e+00
1.090943250542812049e+00
1.094224375005450334e+00
1.097128237815730545e+00
1.100459128709111445e+00
1.103950556475851608e+00
1.106983651469167107e+00
1.110325779943681201e+00
1.114025905645744885e+00
1.117478001878498883e+00
1.120581733096108756e+00
1.124094833340728128e+00
1.127651278541155877e+00
1.130841699670354306e+00
1.134159747613864733e+00
1.137506692194587332e+00
1.140940326686903372e+00
1.144053690116896727e+00
1.147682376910333923e+00
1.151273337538528452e+00
1.154724631086921249e+00
1.158256995756357322e+00
1.161660930927108870e+00
1.165178847277926755e+00
1.168853287080257486e+00
1.172477157767501943e+00
1.175831326507527752e+00
1.179782692416378120e+00
1.184004562956820994e+00
1.187325821637799761e+00
1.190601327309877444e+00
1.194589616699614831e+00
1.198379643050754728e+00
1.201741838634435844e+00
1.205408251593103053e+00
1.209163762516481722e+00
1.212485021197472479e+00
1.215909023477385498e+00
1.219548145167585806e+00
1.223314090987722258e+00
1.226819164388677219e+00
1.230927053749067523e+00
1.234727514996972975e+00
1.238236601819763694e+00
1.241852445663327087e+00
1.245534109624968355e+00
1.249807351964896451e+00
1.253330887106277824e+00
1.256849606141472009e+00
1.260623578805285749e+00
1.264167983740208001e+00
1.268196407348282095e+00
1.272459214791428206e+00
1.276400948487894205e+00
1.279829766874010399e+00
1.284062874995580250e+00
1.288519932055490980e+00
1.292858994513476967e+00
1.296828822162773731e+00
1.300006400342105906e+00
1.303379833506919994e+00
1.306403296287846238e+00
1.309469301340220326e+00
1.313123674033383148e+00
1.316502725988762945e+00
1.320822524021947775e+00
1.325319715300180778e+00
1.329474160353837808e+00
1.333606932929569444e+00
1.337605657216066835e+00
1.341785788169440385e+00
1.346006856025525833e+00
1.349548050222993512e+00
1.353374197370633691e+00
1.357689179297628002e+00
1.361298601666256269e+00
1.364724209314902126e+00
1.368162659913427781e+00
1.371023980452276358e+00
1.373678208424489400e+00
1.375757714390144937e+00
1.377663034108652429e+00
