1.364937380075521708e-05
5.652431163980682627e-04
1.127271755762862017e-03
1.688497710760927502e-03
2.253737087592639320e-03
2.818976464424351788e-03
3.400269528590646982e-03
3.967114274155816855e-03
4.536367072821172186e-03
5.107225240219986223e-03
5.699755885520490194e-03
6.253757681217993886e-03
6.834248061017559293e-03
7.416343809550586877e-03
8.000847611183801653e-03
8.571705778582626098e-03
9.170657898816967496e-03
9.740713381849059119e-03
1.033163865841611045e-02
1.091373440694914237e-02
1.149021136491507056e-02
1.205705611048024477e-02
1.264477064958038043e-02
1.323248518868051435e-02
1.381217288411335647e-02
1.444403506338360135e-02
1.506305429278616964e-02
1.568769231275584167e-02
1.628343369552327433e-02
1.690486097802603935e-02
1.752709094489553199e-02
1.813085917133024430e-02
1.873141666029805308e-02
1.935123857406735592e-02
1.995340143176860953e-02
2.055636697383659769e-02
2.115612177843766498e-02
2.177112758600658129e-02
2.240379244964353991e-02
2.301478483537880426e-02
2.364183090844865567e-02
2.426646892841832770e-02
2.485257809878500465e-02
2.548203222495504239e-02
2.608580045138975470e-02
2.668635794035754613e-02
2.728691542932533756e-02
2.790914539619481979e-02
2.854100757546502651e-02
2.911507648033076143e-02
2.971964739113222911e-02
3.035231225476917385e-02
3.096330464050445208e-02
3.157509971060647874e-02
3.220856725861015457e-02
3.281474353814507056e-02
3.343536813628110449e-02
3.405840078751733169e-02
3.466297169831879244e-02
3.527235871532060502e-02
3.589940478839047378e-02
3.651441059595941785e-02
3.711336271619376792e-02
3.770027457092719331e-02
3.838993002460193427e-02
3.902901636317276934e-02
3.968736712654507420e-02
4.036257426161870415e-02
4.105945387459401102e-02
4.170817242556559834e-02
4.239140640430651835e-02
4.304654643021191968e-02
4.373459651515321234e-02
4.438411775049151686e-02
4.504246851386381478e-02
4.568797632736846387e-02
4.634552440637404458e-02
4.700307248537962529e-02
4.765580445818486111e-02
4.832860354015828391e-02
4.898615161916389238e-02
4.968222854777246816e-02
5.031489341140944760e-02
5.098046833408230449e-02
5.161875198828640154e-02
5.227308932982507178e-02
5.290093808726168551e-02
5.349186336382873164e-02
5.411088259323129646e-02
5.473953403503462739e-02
5.536256668627086847e-02
5.598238860004018519e-02
5.661264541057692973e-02
5.717788478740860880e-02
5.777362617017595819e-02
5.837980244971082561e-02
5.896350356697726419e-02
5.960178722118125716e-02
6.020796350071613151e-02
6.081173172715079178e-02
6.147810933419031731e-02
6.206903461075734263e-02
6.265273572802378121e-02
6.332473212563037579e-02
6.396462114856786563e-02
6.456437595316889821e-02
6.519944886990598765e-02
6.591398753894926743e-02
6.653461213708523891e-02
6.718894947862384670e-02
6.780074454872575540e-02
6.847675436816608174e-02
6.916881787494093270e-02
6.978944247307687643e-02
7.038197311837733616e-02
7.106681246585168366e-02
7.175566523515966577e-02
7.242685894839953620e-02
7.309323655543911724e-02
7.378449737784728568e-02
7.444044008811934177e-02
7.513009554179400640e-02
7.582055367983545069e-02
7.646365344023986488e-02
7.710273977881058893e-02
7.775868248908260338e-02
7.839295272145302418e-02
7.905050080045855632e-02
7.968637640156235602e-02
8.038967748947142833e-02
8.107853025877942432e-02
8.178905550598911112e-02
8.245302505992846420e-02
8.313304830120236966e-02
8.380343933007557145e-02
8.447302767458204908e-02
8.513860259725485047e-02
8.582344194472912857e-02
8.648500344556830921e-02
8.719793674587814070e-02
8.788357877771919846e-02
8.849537384782116267e-02
8.916335682359415038e-02
8.974304451902696822e-02
9.037490669829716106e-02
9.104048162096999020e-02
9.171488607167684048e-02
9.232668114177880470e-02
9.295613526794883896e-02
9.357836523481828650e-02
9.419979251732099601e-02
9.485172180575940359e-02
9.551248062223184621e-02
9.618688507293866874e-02
9.683078751770982096e-02
9.747549264684769732e-02
9.813705414768686408e-02
9.880262907035965159e-02
9.939997582186048397e-02
1.000382594760644978e-01
1.006861753426692707e-01
1.012795086723364407e-01
1.019651507041774569e-01
1.025873806710469183e-01
1.032401126438520778e-01
1.039193332007592452e-01
1.045174826366268017e-01
1.051613850813978845e-01
1.057916418919346152e-01
1.064636382895412237e-01
1.071219890529135077e-01
1.078060257160210755e-01
1.084940758009622919e-01
1.091427943519338029e-01
1.098284363837748329e-01
1.104819710409466887e-01
1.110600533676460305e-01
1.116911128625494853e-01
1.123245804105531681e-01
1.129604560116571760e-01
1.135979369814945211e-01
1.142747494853016965e-01
1.149684183608099958e-01
1.156669033425188065e-01
1.163541507430935901e-01
1.170100934533656184e-01
1.176226912078345010e-01
1.183380325612444078e-01
1.190124370119513691e-01
1.196884468313919175e-01
1.203508110165978778e-01
1.210444798921063853e-01
1.217357407145145398e-01
1.224342256962234060e-01
1.230717066660608067e-01
1.237549406448019418e-01
1.244662685763782556e-01
1.251085656524161815e-01
1.258094586872250675e-01
1.264750336098980632e-01
1.271751239603403361e-01
1.278663847827486155e-01
1.285367758116218173e-01
1.292023507342948963e-01
1.298438451259657511e-01
1.305383166858409549e-01
1.312303801926160418e-01
1.318919416934552502e-01
1.325735703034627011e-01
1.331917868484986667e-01
1.338509402962376471e-01
1.344868158973416550e-01
1.351242968671790279e-01
1.357248543561471454e-01
1.363422682168160815e-01
1.369620901305854954e-01
1.375642529882867282e-01
1.381728373209220040e-01
1.387942646034247274e-01
1.394534180511639021e-01
1.400467513808311693e-01
1.406946672474358728e-01
1.413096730550049696e-01
1.420113687741805797e-01
1.426624953782525129e-01
1.433080031917570163e-01
1.438965204152239941e-01
1.445356067537948708e-01
1.451682716174317045e-01
1.458234116433372862e-01
1.464135342355375180e-01
1.470911494237114037e-01
1.477165901280477756e-01
1.483556764666186800e-01
1.489482071119192508e-01
1.496306384062933148e-01
1.503644415001383905e-01
1.510019224699755969e-01
1.516610759177147993e-01
1.523242427872874838e-01
1.529504861759906353e-01
1.536176664673971626e-01
1.542856494431701087e-01
1.549247357817409299e-01
1.555870999669470567e-01
1.562687285769543410e-01
1.569351061839940331e-01
1.575436905166291701e-01
1.581426426368635341e-01
1.587680833412000725e-01
1.594296448420391143e-01
1.600831794992109980e-01
1.607880859558537268e-01
1.614689118814944535e-01
1.621425136478345519e-01
1.627896268300727811e-01
1.634383453810443476e-01
1.641135525161180608e-01
1.647975891792259340e-01
1.654358728334298367e-01
1.660765645407341340e-01
1.667903005254109394e-01
1.674558754480837131e-01
1.681736248545941392e-01
1.688416078303671963e-01
1.695224337560079231e-01
1.702249321595505627e-01
1.709081661382913508e-01
1.715328041582609708e-01
1.722136300839018086e-01
1.729097070125103497e-01
1.735881248850509595e-01
1.742408568578561190e-01
1.748662975621925464e-01
1.755134107444306646e-01
1.761813937202038605e-01
1.767972022121393205e-01
1.775021086687818550e-01
1.781572486946872702e-01
1.788107833518591816e-01
1.794474616373299136e-01
1.801074177694356737e-01
1.808179430166453605e-01
1.814674642519837899e-01
1.821242096466227367e-01
1.827946006754957720e-01
1.834248574860324887e-01
1.840735760370041385e-01
1.847447697502440644e-01
1.853966990386825275e-01
1.860662873831890607e-01
1.867334676745954214e-01
1.874255311813703972e-01
1.881095678444781871e-01
1.887590890798163945e-01
1.893724895186519042e-01
1.900035490135553451e-01
1.906988232577974118e-01
1.913363042276346737e-01
1.920195382063755452e-01
1.927003641320164384e-01
1.934132974323262977e-01
1.940844911455662514e-01
1.947332096965379289e-01
1.954389188375473818e-01
1.961558655596908340e-01
1.968463236977322506e-01
1.975424006263410415e-01
1.982272399738152502e-01
1.988920122121212997e-01
1.995551790816941229e-01
2.001974761577317574e-01
2.007851906968320110e-01
2.014740434661399793e-01
2.021075110141438702e-01
2.027177007155124555e-01
2.033672219508506351e-01
2.039854384958864342e-01
2.046140899376898969e-01
2.052844809665630155e-01
2.058938679835647656e-01
2.064743583633645296e-01
2.070789292741659626e-01
2.077461095655722678e-01
2.083731556386421990e-01
2.089777265494437153e-01
2.096119967818139973e-01
2.102888092856210200e-01
2.108973936182561015e-01
2.115356772724603096e-01
2.121595126080630112e-01
2.127905721029665909e-01
2.134328691790042809e-01
2.140374400898057972e-01
2.146973962219115295e-01
2.153493255103501314e-01
2.159627259491856133e-01
2.165512431726523690e-01
2.171959483017902315e-01
2.178302185341607633e-01
2.184380001824290374e-01
2.190963509458013214e-01
2.197691500277748622e-01
2.203713128854760950e-01
2.210585602860506427e-01
2.216462748251507853e-01
2.222982041135893316e-01
2.229477253489276223e-01
2.236197217465341613e-01
2.242636241913053274e-01
2.249099346891769158e-01
2.255586532401488986e-01
2.261945288412520738e-01
2.268536822889907212e-01
2.274807283620604581e-01
2.281254334911983483e-01
2.287484661424346311e-01
2.294028034839742658e-01
2.300049663416748047e-01
2.306689358956139357e-01
2.313658155085898394e-01
2.319928615816593820e-01
2.326841224040667178e-01
2.333641456453404706e-01
2.340449715709813638e-01
2.346479371130492653e-01
2.352621402362519709e-01
2.358498547753525298e-01
2.365322860697258445e-01
2.371585294584291626e-01
2.378329339091364569e-01
2.385201813097102552e-01
2.391721105981481077e-01
2.398336720989873716e-01
2.404896148092594554e-01
2.411150555135958551e-01
2.417396935335658914e-01
2.423964389282056431e-01
2.430154581576074169e-01
2.436930733457810527e-01
2.443257382094184971e-01
2.450081695037930329e-01
2.456263860488284156e-01
2.462686831248654673e-01
2.469286392569710331e-01
2.475757524392091791e-01
2.482573810492169353e-01
2.489382069748578841e-01
2.495917416320306004e-01
2.502444736048348717e-01
2.509124565806079010e-01
2.515306731256444217e-01
2.522163151574857154e-01
2.528915222925587347e-01
2.535169629968944682e-01
2.541873540257676423e-01
2.548288484174387469e-01
2.554871991808110865e-01
2.561824734250532920e-01
2.568584832444942290e-01
2.574935561612305968e-01
2.581358532372682868e-01
2.587588858885051524e-01
2.593931561208757119e-01
2.599832787130755829e-01
2.605589529866740306e-01
2.611972366408781276e-01
2.618266907670480648e-01
2.624513287870178235e-01
2.631265359220915090e-01
2.637616088388295421e-01
2.643533367997626393e-01
2.649707506604314089e-01
2.656419443736718899e-01
2.662762146060428381e-01
2.669682781128173144e-01
2.676499067228240714e-01
2.682617017929256886e-01
2.689288820843319106e-01
2.695398744700673310e-01
2.701998306021731744e-01
2.708597867342792398e-01
2.715221509194857830e-01
2.720946144556174451e-01
2.727272793192539457e-01
2.733824193451597773e-01
2.739861875715947082e-01
2.746148390133982264e-01
2.752531226676019349e-01
2.758954197436389033e-01
2.766332362593171279e-01
2.772747306509881215e-01
2.778953552491242318e-01
2.785817999653318888e-01
2.792361373068713015e-01
2.798776316985425172e-01
2.805640764147495636e-01
2.812866419274603902e-01
2.819425846377331957e-01
2.825832763450378815e-01
2.832303895272755834e-01
2.838775027095131742e-01
2.845141809949832679e-01
2.851869800769566976e-01
2.858653979494972242e-01
2.865365916627373166e-01
2.871556108921399786e-01
2.877826569652104927e-01
2.884233486725143458e-01
2.890744752765857517e-01
2.897609199927938528e-01
2.904272975998342110e-01
2.910984913130743590e-01
2.916974434333082233e-01
2.923437539311790623e-01
2.929844456384829154e-01
2.936580474048230416e-01
2.943115820619949252e-01
2.949450496099987884e-01
2.956226647981727851e-01
2.963147283049485381e-01
2.969481958529522347e-01
2.975607936074203819e-01
2.982600812734959028e-01
2.988975622433338586e-01
2.995583210598072865e-01
3.001524570738409725e-01
3.007594360377420228e-01
3.014338404884486788e-01
3.020536624022179262e-01
3.027264614841913004e-01
3.033679558758622941e-01
3.039741321553972031e-01
3.045393715322293748e-01
3.051335075462641711e-01
3.058167415250050425e-01
3.064397741762405758e-01
3.070339101902747059e-01
3.076713911601126061e-01
3.082847915989485044e-01
3.089102323032853481e-01
3.095356730076212481e-01
3.100912801720517864e-01
3.106846135017184984e-01
3.113630313742589695e-01
3.119603781257598851e-01
3.126107020454649277e-01
3.132505910684023065e-01
3.138912827757067703e-01
3.145046832145429461e-01
3.151148729159116701e-01
3.157114169830452233e-01
3.163609382183833474e-01
3.170048406631549298e-01
3.176134249957904276e-01
3.183030804494654809e-01
3.189333372600018368e-01
3.195716209142056008e-01
3.202155233589762395e-01
3.208682553317816488e-01
3.214583741844157516e-01
