1.751963622304150703e-01
1.738174423935504587e-01
1.725232042018615963e-01
1.712822974675590471e-01
1.700798706147631789e-01
1.689061972900953723e-01
1.677554756246430190e-01
1.666250145579925013e-01
1.655136481576864327e-01
1.644209130640650329e-01
1.633451569088229804e-01
1.622855818903333469e-01
1.612432725448418314e-01
1.602160448514731994e-01
1.592035516452722510e-01
1.582040224115308369e-01
1.572167241188893727e-01
1.562430770838088012e-01
1.552841218617455610e-01
1.543378471323628709e-01
1.534033877006596436e-01
1.524796167995638718e-01
1.515664392826382156e-01
1.506644576551419146e-01
1.497722908016714816e-01
1.488891308207922204e-01
1.480153769643129391e-01
1.471518727857579756e-01
1.462980635887544123e-01
1.454545010893226464e-01
1.446198377226574905e-01
1.437943576183332572e-01
1.429770931303712134e-01
1.421674868175747120e-01
1.413663831385676417e-01
1.405742574718593929e-01
1.397903099454945453e-01
1.390139724649457065e-01
1.382452952104200883e-01
1.374838919093392120e-01
1.367289790786185566e-01
1.359807859005560116e-01
1.352400724966078549e-01
1.345062734835444918e-01
1.337787095827389361e-01
1.330588074940630694e-01
1.323461733775271876e-01
1.316396181267073251e-01
1.309391881691633897e-01
1.302454814664750771e-01
1.295577110882381866e-01
1.288767054651487609e-01
1.282029755679911232e-01
1.275359119960343957e-01
1.268751742359905677e-01
1.262208544488520601e-01
1.255727666456277203e-01
1.249301222774424625e-01
1.242928445084880845e-01
1.236608659210705619e-01
1.230334552026957629e-01
1.224105697482996691e-01
1.217924135867545360e-01
1.211790660210572690e-01
1.205703398699325413e-01
1.199659746549504996e-01
1.193650805967817613e-01
1.187688438595355250e-01
1.181781194134578772e-01
1.175928617282645666e-01
1.170127481132014202e-01
1.164372796324341097e-01
1.158669069192385659e-01
1.153020731314882003e-01
1.147426479675736632e-01
1.141877197722203363e-01
1.136380004136737787e-01
1.130934478429712620e-01
1.125540475746880098e-01
1.120191899147471720e-01
1.114889995402379708e-01
1.109631103739268376e-01
1.104412448663555646e-01
1.099233559265834076e-01
1.094093854142612898e-01
1.088992512943841307e-01
1.083924926749496587e-01
1.078894306007606024e-01
1.073894996974559118e-01
1.068935156442525347e-01
1.064009068646241674e-01
1.059117212593060214e-01
1.054257583309806262e-01
1.049430082219487831e-01
1.044636643336117332e-01
1.039874938417290617e-01
1.035143718524620809e-01
1.030442621516071550e-01
1.025776104988089105e-01
1.021146591206073539e-01
1.016550118779841194e-01
1.011990608404214481e-01
1.007461882798301317e-01
1.002968685714841074e-01
9.985090982066013865e-02
9.940786458849569518e-02
9.896809412404730666e-02
9.853182672545786336e-02
9.809899249234353691e-02
9.766957763757930233e-02
9.724311057979714845e-02
9.681992421461846354e-02
9.640026279304578227e-02
9.598391316409388141e-02
9.557066620791515588e-02
9.516066942022823050e-02
9.475349299572168038e-02
9.434907043923276837e-02
9.394773005788795150e-02
9.354920376437246554e-02
9.315322211871573943e-02
9.275968633215678216e-02
9.236875783381932881e-02
9.198045943826174686e-02
9.159455660202713012e-02
9.121102173129019830e-02
9.083000988789080576e-02
9.045153496413628480e-02
9.007550443517411964e-02
8.970197423466894082e-02
8.933096067588644495e-02
8.896280499795557184e-02
8.859749051798308794e-02
8.823476147285617965e-02
8.787456904830040494e-02
8.751660051920620575e-02
8.716108842470479678e-02
8.680801638241482376e-02
8.645764002689089456e-02
8.610989271102656439e-02
8.576503133479231045e-02
8.542271667548105574e-02
8.508261078914446107e-02
8.474455213000205156e-02
8.440852855702182800e-02
8.407449874489952846e-02
8.374260626396169693e-02
8.341263412314588177e-02
8.308473686552036996e-02
8.275872729451459742e-02
8.243475781770678856e-02
8.211288150114501305e-02
8.179300413683765480e-02
8.147555736537928639e-02
8.116021789687322130e-02
8.084726634262556777e-02
8.053626506834382637e-02
8.022744425124819778e-02
7.992068237791627450e-02
7.961601630015517628e-02
7.931317175912837303e-02
7.901228834969162285e-02
7.871330184648410444e-02
7.841641444358839197e-02
7.812149946543318901e-02
7.782849796667062892e-02
7.753749416499393365e-02
7.724838838593316159e-02
7.696112880541047807e-02
7.667567784177636847e-02
7.639201678596532763e-02
7.611023345170268850e-02
7.583026675125641158e-02
7.555199888532170005e-02
7.527527441871476044e-02
7.500035326010943970e-02
7.472701056092330429e-02
7.445503966745911639e-02
7.418452261749859666e-02
7.391556937583577958e-02
7.364818645218067228e-02
7.338243980841724357e-02
7.311837920895013221e-02
7.285586415715032682e-02
7.259508666072092553e-02
7.233590663752176297e-02
7.207831362810984688e-02
7.182236949550506455e-02
7.156800999884684045e-02
7.131522415032236217e-02
7.106385999000418285e-02
7.081402372099744602e-02
7.056593276674244519e-02
7.031945830595009994e-02
7.007471743069337844e-02
6.983157202067642733e-02
6.958996243491469280e-02
6.934976626682828882e-02
6.911109649979844949e-02
6.887420074616951160e-02
6.863884212141926899e-02
6.840504150687788665e-02
6.817293746229863283e-02
6.794231045363148536e-02
6.771307815975953492e-02
6.748524411877708518e-02
6.725897437206680707e-02
6.703415555953778915e-02
6.681081599318447473e-02
6.658879418158437924e-02
6.636805532561261545e-02
6.614861632970031602e-02
6.593041076166321346e-02
6.571345972366150756e-02
6.549773522443244622e-02
6.528323719769560385e-02
6.506979285249010758e-02
6.485742486926000805e-02
6.464623619035883562e-02
6.443617056033312807e-02
6.422718677572251955e-02
6.401932892428346955e-02
6.381252228871456267e-02
6.360682623696052584e-02
6.340231724734292362e-02
6.319896884187042874e-02
6.299681019572264673e-02
6.279582955117558873e-02
6.259592884803624746e-02
6.239716182582945303e-02
6.219953428134207540e-02
6.200304191832749223e-02
6.180768683451365320e-02
6.161343664083639843e-02
6.142026157798114588e-02
6.122835560640649266e-02
6.103763603770462343e-02
6.084784049159829011e-02
6.065906192905710231e-02
6.047135384923590928e-02
6.028469501312891388e-02
6.009912206720680050e-02
5.991465795941957467e-02
5.973128353903572885e-02
5.954912402882568678e-02
5.936808973476720430e-02
5.918806244711593417e-02
5.900929103878833210e-02
5.883159129826658063e-02
5.865494814370655202e-02
5.847929832383133575e-02
5.830469017233386175e-02
5.813125523118790189e-02
5.795883462265535857e-02
5.778745236480456460e-02
5.761691821595073953e-02
5.744730387024341717e-02
5.727867377066097471e-02
5.711106264673669608e-02
5.694446892130046456e-02
5.677886984828670741e-02
5.661430122171202256e-02
5.645071535160443160e-02
5.628816023951167119e-02
5.612663768299511191e-02
5.596619382646017549e-02
5.580689999891620678e-02
5.564853500119907453e-02
5.549095715482733893e-02
5.533417433870472385e-02
5.517839164488280712e-02
5.502357649489861280e-02
5.486970209640484181e-02
5.471666008583787183e-02
5.456442458778457127e-02
5.441299703773802565e-02
5.426232645367342483e-02
5.411243273999950115e-02
5.396334769563629341e-02
5.381503410485543454e-02
5.366749513506983982e-02
5.352071109662496357e-02
5.337482195321185952e-02
5.322982557784378121e-02
5.308555543686276773e-02
5.294201428614985633e-02
5.279926870378524179e-02
5.265726208717503437e-02
5.251594087487428814e-02
5.237527535490789365e-02
5.223528080330796380e-02
5.209603244839888792e-02
5.195758019456182125e-02
5.181983853396424783e-02
5.168281443339988596e-02
5.154648162105079923e-02
5.141077596242023262e-02
5.127575922614124176e-02
5.114146980678922760e-02
5.100796978474914783e-02
5.087521017864218148e-02
5.074311960111851927e-02
5.061173386403209490e-02
5.048110282507937974e-02
5.035122350131049362e-02
5.022211045268260010e-02
5.009371109661571453e-02
4.996605864283722165e-02
4.983909926068384039e-02
4.971285531176657807e-02
4.958726388576414901e-02
4.946227300538907912e-02
4.933788136898180354e-02
4.921412053126484470e-02
4.909100120435307135e-02
4.896851423379711826e-02
4.884658085187680576e-02
4.872528205935474505e-02
4.860455853783060554e-02
4.848440813582211711e-02
4.836501357209636170e-02
4.824622960732831423e-02
4.812808329863377255e-02
4.801058830672180755e-02
4.789370103764435671e-02
4.777746615659779483e-02
4.766177057017901425e-02
4.754666603895867094e-02
4.743222242837747543e-02
4.731825436911876737e-02
4.720482305042750237e-02
4.709191874345624446e-02
4.697958938253447153e-02
4.686775322709248182e-02
4.675646722894857832e-02
4.664570438847568529e-02
4.653542242079441310e-02
4.642565983808984859e-02
4.631634960123723332e-02
4.620755845888552954e-02
4.609931861480024567e-02
4.599156913871156604e-02
4.588432191628299961e-02
4.577760285118654543e-02
4.567141456309652819e-02
4.556581685560322920e-02
4.546071346157010140e-02
4.535609376954826549e-02
4.525196680636320301e-02
4.514832298161891577e-02
4.504521247132602102e-02
4.494260388674067158e-02
4.484049596151752637e-02
4.473889624916681240e-02
4.463785682640018099e-02
4.453732924195856480e-02
4.443732517739274607e-02
4.433775578799452333e-02
4.423869839269337773e-02
4.414015433133950533e-02
4.404218052375707265e-02
4.394465256861897900e-02
4.384757688837390144e-02
4.375100208997244333e-02
4.365493394884253919e-02
4.355937372483744546e-02
4.346423458530310202e-02
4.336952863114501566e-02
4.327524963691105342e-02
4.318141928063018442e-02
4.308803702634867588e-02
4.299507396228687689e-02
4.290260185419807887e-02
4.281062280352986027e-02
4.271909857275069805e-02
4.262804974121025409e-02
4.253740276818172156e-02
4.244715172137708548e-02
4.235737109827281133e-02
4.226809913018816922e-02
4.217926345561927998e-02
4.209086477480400434e-02
4.200290190878697150e-02
4.191537418834916789e-02
4.182822794947201051e-02
4.174145508879543304e-02
4.165507645467101533e-02
4.156911826173461527e-02
4.148353891608754646e-02
4.139837413760322909e-02
4.131363563823110124e-02
4.122929903446560795e-02
4.114533582981173138e-02
4.106177850648742855e-02
4.097860594230596371e-02
4.089582136191924344e-02
4.081341231766713595e-02
4.073141864562733472e-02
4.064979274884595456e-02
4.056858488621494646e-02
4.048774217551695531e-02
4.040724886112329745e-02
4.032706584382064058e-02
4.024720910514980460e-02
4.016768704949279234e-02
4.008856260179560760e-02
4.000977784319274810e-02
3.993129405292393519e-02
3.985314332060595210e-02
3.977538470776035423e-02
3.969799195258373603e-02
3.962092297739080310e-02
3.954418057392351804e-02
3.946776079706884599e-02
3.939167654888110076e-02
3.931591563332114542e-02
3.924051237640198420e-02
3.916549502979847081e-02
3.909083274884701809e-02
3.901653403524336233e-02
3.894254504195558686e-02
3.886887473158765621e-02
3.879550328116344177e-02
3.872242698499622771e-02
3.864961920083206243e-02
3.857714104221390827e-02
3.850498992564065082e-02
3.843316460357797115e-02
3.836162839779558992e-02
3.829038598035630625e-02
3.821949316763054161e-02
3.814897414709762791e-02
3.807876373513063850e-02
3.800886346059927090e-02
3.793929163161104817e-02
3.787002238087090744e-02
3.780105692134252265e-02
3.773241901177856045e-02
3.766410882742309701e-02
3.759613002072396959e-02
3.752849974615027340e-02
3.746120876069817390e-02
3.739426738074923262e-02
3.732761391584923233e-02
3.726125973534828717e-02
3.719520113786644461e-02
3.712942911253892114e-02
3.706394764767940997e-02
3.699879553485985878e-02
3.693396116423469655e-02
3.686944524534938039e-02
3.680525067400623740e-02
3.674133685767466684e-02
3.667769145569581973e-02
3.661432545341183897e-02
3.655125810263915725e-02
3.648851289483863447e-02
3.642603369391309714e-02
3.636379016691158178e-02
3.630181470964475438e-02
3.624013800525275469e-02
3.617874866966531988e-02
3.611762773264338977e-02
3.605680043968258891e-02
3.599624393604740347e-02
3.593593998359757846e-02
3.587590312087847455e-02
3.581609085108670987e-02
3.575655224007157768e-02
3.569731415376831141e-02
3.563835005138243223e-02
3.557964424476395965e-02
3.552120018838329091e-02
3.546296724717839383e-02
3.540496353626025605e-02
3.534723722127584150e-02
3.528976415358667934e-02
3.523252342083678379e-02
3.517550689097258959e-02
3.511870595984296906e-02
3.506216511371168520e-02
3.500588122239924049e-02
3.494983959573003118e-02
3.489406426464906896e-02
3.483858744005936120e-02
3.478333906918056745e-02
3.472832305879707676e-02
3.467351779213641988e-02
3.461896417708514029e-02
3.456461984307520469e-02
3.451051842227752242e-02
3.445667275983833183e-02
3.440308619159658521e-02
3.434971437129415855e-02
3.429654775301185093e-02
3.424358979995659885e-02
3.419083442737701900e-02
3.413828455650545074e-02
3.408593829778525791e-02
3.403378547010667277e-02
3.398315657791659006e-02
