1.751963622304150425e-01
1.704372561309639988e-01
1.661781494391874614e-01
1.621806900992287248e-01
1.584031138496930780e-01
1.548092401937334328e-01
1.513851881340299022e-01
1.481023338174195514e-01
1.449526098640311900e-01
1.419261531487400751e-01
1.390139724649457897e-01
1.362043889937805952e-01
1.334898704548930226e-01
1.308695295594330121e-01
1.283372428434238488e-01
1.258960447272457206e-01
1.235350299856763923e-01
1.212402109158908087e-01
1.190068005092318054e-01
1.168395898605225358e-01
1.147426479675736632e-01
1.127154257171114199e-01
1.107538709591581461e-01
1.088484284071220554e-01
1.069924247586823279e-01
1.051839727000725422e-01
1.034200770857067048e-01
1.017008123158205379e-01
1.000289161603933191e-01
9.840163492456875660e-02
9.681992421461844966e-02
9.528340199421070356e-02
9.378802070016567516e-02
9.232981145741189777e-02
9.090600257072065093e-02
8.951614899362146660e-02
8.816252415771956563e-02
8.684321170814285340e-02
8.555939581482480127e-02
8.430810472517681620e-02
8.308473686552038384e-02
8.188872592799170680e-02
8.072262371584265628e-02
7.958565676440829129e-02
7.847562917943592953e-02
7.739269309917393147e-02
7.633550042532250002e-02
7.530287399093568701e-02
7.429254376800939474e-02
7.330305642513097741e-02
7.233590663752173522e-02
7.139088775948349008e-02
7.046715212869222866e-02
6.956587930338369030e-02
6.868579840131701364e-02
6.782751519412154317e-02
6.698936288747850409e-02
6.617050404673473218e-02
6.536889481599822416e-02
6.458310124038722788e-02
6.381252228871454879e-02
6.305732974223958454e-02
6.231796346484266835e-02
6.159407154392083222e-02
6.088573148024201825e-02
6.019178625473177446e-02
5.951283634440404646e-02
5.884931476294269492e-02
5.820050244395919697e-02
5.756592278961694675e-02
5.694446892130048538e-02
5.633682279857375741e-02
5.574346320204573435e-02
5.516286347589156869e-02
5.459481871304268374e-02
5.403780296103983388e-02
5.349145727865014383e-02
5.295633479727007709e-02
5.243146457649729142e-02
5.191617875601310661e-02
5.141077596242023956e-02
5.091496304510011867e-02
5.042905349908284596e-02
4.995333240829505361e-02
4.948722536392091698e-02
4.902968494381056141e-02
4.858048370923932768e-02
4.813986584028261129e-02
4.770798789237117032e-02
4.728417073789337177e-02
4.686775322709246794e-02
4.645853761355761558e-02
4.605616148760680734e-02
4.566083045121818729e-02
4.527275777316134425e-02
4.489149289315545743e-02
4.451729365344013478e-02
4.414998132433194805e-02
4.378957761388384967e-02
4.343578170958165008e-02
4.308803702634868976e-02
4.274650156257201600e-02
4.241118286366467316e-02
4.208204792191978794e-02
4.175877875461293798e-02
4.144090486112227134e-02
4.112859194970563959e-02
4.082163277603284568e-02
4.052003215413391840e-02
4.022331628048708002e-02
3.993129405292392131e-02
3.964400714159797140e-02
3.936132805365082782e-02
3.908338919201272826e-02
3.881015163278801750e-02
3.854102620945164953e-02
3.827618206734364342e-02
3.801583831910220618e-02
3.775983435768448526e-02
3.750827569655072746e-02
3.726125973534828023e-02
3.701830618470512008e-02
3.677964946014519731e-02
3.654496782770613739e-02
3.631418659370513197e-02
3.608718254070213127e-02
3.586392321922478310e-02
3.564423472434214563e-02
3.542813538511303123e-02
3.521539507291594762e-02
3.500588122239924049e-02
3.479989021812511518e-02
3.459720331243645169e-02
3.439774198659713289e-02
3.420136975034929888e-02
3.400779768008032472e-02
3.381721629394479622e-02
3.362974307185790518e-02
3.344519423144327874e-02
3.326359625166869227e-02
3.308478645927219464e-02
3.290899320821784324e-02
3.273592163933616850e-02
3.256567201162786224e-02
3.239792169818838524e-02
3.223270772244064830e-02
3.207028698780031717e-02
3.191025685782034049e-02
3.175268540522062366e-02
3.159756933897618636e-02
3.144472296734459466e-02
3.129413246535019122e-02
3.114581695288177673e-02
3.099972358806863879e-02
3.085573393617264612e-02
3.071396907232481349e-02
3.057425584145321770e-02
3.043649394809275904e-02
3.030069709140249465e-02
3.016699365700275040e-02
3.003530677688968920e-02
2.990557834110860874e-02
2.977785359240384469e-02
2.965223295454019747e-02
2.952857731286402318e-02
2.940691565550912143e-02
2.928716755756444537e-02
2.916931792629624820e-02
2.905329075031794217e-02
2.893908652435857320e-02
2.882663163817172913e-02
2.871583922656289339e-02
2.860673175052961745e-02
2.849933262489487418e-02
2.839346954062807807e-02
2.828913199497245720e-02
2.818622929263092311e-02
2.808471950089741140e-02
2.798455756736125191e-02
2.788570542396375668e-02
2.778809821139679309e-02
2.769178038838000441e-02
2.759672626576211915e-02
2.750302288294650607e-02
2.741052132596350291e-02
2.731917786831447245e-02
2.722909500611171013e-02
2.714027634729448274e-02
2.705269906661536550e-02
2.696633588200148673e-02
2.688104632862800547e-02
2.679695191316489727e-02
2.671400749451151649e-02
2.663224665619140508e-02
2.655150732470415095e-02
2.647183697568781038e-02
2.639331457679782236e-02
2.631590052404791241e-02
2.623958043368288667e-02
2.616435953859045857e-02
2.609012688574326513e-02
2.601687755869870264e-02
2.594457078803082822e-02
2.587317351741832278e-02
2.580269093743988232e-02
2.573313893788592779e-02
2.566442768272981026e-02
2.559663279198114150e-02
2.552963781602882870e-02
2.546338092518043647e-02
2.539795233278393377e-02
2.533331673207073892e-02
2.526947044481061069e-02
2.520645798924383771e-02
2.514424253643992094e-02
2.508280063989492062e-02
2.502219536898693183e-02
2.496235855286551425e-02
2.490328410742141327e-02
2.484496962599606548e-02
2.478742641419356268e-02
2.473070052413625999e-02
2.467469428362910333e-02
2.461941326893497123e-02
2.456485038288162143e-02
2.451094487232988867e-02
2.445768416956605948e-02
2.440512027655120098e-02
2.435320609663805050e-02
2.430196119264137200e-02
2.425140618968420203e-02
2.420146160015386808e-02
2.415220844944868106e-02
2.410356295328698606e-02
2.405549715024919363e-02
2.400798001586920694e-02
2.396102899028332983e-02
2.391464391848005175e-02
2.386884319686830361e-02
2.382357614266530227e-02
2.377886725759950290e-02
2.373469969956663872e-02
2.369105939597154764e-02
2.364795420692233918e-02
2.360533135649820966e-02
2.356324133116659628e-02
2.352163563119053641e-02
2.348053155614563542e-02
2.343994112726056206e-02
2.339983603669009565e-02
2.336021589833177717e-02
2.332104919978422036e-02
2.328233804029003831e-02
2.324410436543455569e-02
2.320632153082644034e-02
2.316899044487410672e-02
2.313210792398572024e-02
2.309567996757398711e-02
2.305972959742284487e-02
2.302422951162000006e-02
2.298915898282561862e-02
2.295450299521355556e-02
2.292031155486351501e-02
2.288652081152953155e-02
2.285315390185676046e-02
2.282017408931818689e-02
2.278755672271944727e-02
2.275527089671277106e-02
2.272334457419959361e-02
2.269176960421397451e-02
2.266053481237101028e-02
2.262963457156437139e-02
2.259905941810038885e-02
2.256882634965523202e-02
2.253892700675270630e-02
2.250935835913619315e-02
2.248011751046289503e-02
2.245119424162857896e-02
2.242259942887208507e-02
2.239433484135324587e-02
2.236638952101590097e-02
2.233878357718073818e-02
2.231151555904669140e-02
2.228458654836443231e-02
2.225795845574726414e-02
2.223162551505806009e-02
2.220560238722765756e-02
2.217990266982678565e-02
2.215449461487202162e-02
2.212937967618077220e-02
2.210460085435636546e-02
2.208014233221616482e-02
2.205596608730946845e-02
2.203204984306892864e-02
2.200839435171229180e-02
2.198499241092848056e-02
2.196185533304830656e-02
2.193897431889196142e-02
2.191632732558578336e-02
2.189392210257585722e-02
2.187175556805497079e-02
2.184982169079577319e-02
2.182812656970221921e-02
2.180663766500131467e-02
2.178536494689933128e-02
2.176430986681181234e-02
2.174347035953415330e-02
2.172285264666686672e-02
2.170244249605457476e-02
2.168224548742096747e-02
2.166226398180035040e-02
2.164250566717668481e-02
2.162296160343330637e-02
2.160365098290586983e-02
2.158458784665444677e-02
2.156572891582393681e-02
2.154707127058583943e-02
2.152863545953340174e-02
2.151041306966756592e-02
2.149239567991033731e-02
2.147458628061419197e-02
2.145696164340749057e-02
2.143953075248350437e-02
2.142229046174439627e-02
2.140524157255576862e-02
2.138836680063025200e-02
2.137167624618228207e-02
2.135516891055685637e-02
2.133885253661937584e-02
2.132272452061165571e-02
2.130677788603914380e-02
2.129100635387608242e-02
2.127541732393000914e-02
2.126000251336220351e-02
2.124474163695974291e-02
2.122965676183337369e-02
2.121473264897991151e-02
2.119996955313365600e-02
2.118538688188244604e-02
2.117098675838660279e-02
2.115675978862362888e-02
2.114269885097010832e-02
2.112878744690143556e-02
2.111502799193436600e-02
2.110140033316189323e-02
2.108791864686069065e-02
2.107457706752140225e-02
2.106139061872197224e-02
2.104836701715637540e-02
2.103549729720585737e-02
2.102277683887440046e-02
2.101019543960051111e-02
2.099774957783645188e-02
2.098544301531464831e-02
2.097326573882955097e-02
2.096123232338199457e-02
2.094934392116571883e-02
2.093759654717332330e-02
2.092597321927813780e-02
2.091449214030444842e-02
2.090313052017533577e-02
2.089189919750872662e-02
2.088080239346574649e-02
2.086982860192599862e-02
2.085897086152830801e-02
2.084823242214151398e-02
2.083761887754830705e-02
2.082713491591095534e-02
2.081676607087509789e-02
2.080651016452806160e-02
2.079636870547878907e-02
2.078634901436496665e-02
2.077644880846719888e-02
2.076665362236450318e-02
2.075696471088097489e-02
2.074738253253673170e-02
2.073790642026770645e-02
2.072854514976705739e-02
2.071929620927037696e-02
2.071015639232633848e-02
2.070112065012835040e-02
2.069219749454494564e-02
2.068339118944752600e-02
2.067469149672984327e-02
2.066609105726024964e-02
2.065759813194391684e-02
2.064921575726044040e-02
2.064094093240051442e-02
2.063277159733024890e-02
2.062470216164817571e-02
2.061673054857645140e-02
2.060885780073886536e-02
2.060109305207405081e-02
2.059343545768076156e-02
2.058587856615609613e-02
2.057842131146569650e-02
2.057105410084833497e-02
2.056378863839870147e-02
2.055661439122584422e-02
2.054953403347956065e-02
2.054255648026704489e-02
2.053567527717431798e-02
2.052889479940039549e-02
2.052221321262030773e-02
2.051561423482851226e-02
2.050911770947727239e-02
2.050270438696241010e-02
2.049637794346289080e-02
2.049014562197557995e-02
2.048400373028899657e-02
2.047794746239182256e-02
2.047197422169535694e-02
2.046609008675433911e-02
2.046028911392110475e-02
2.045456950564999293e-02
2.044893746169425958e-02
2.044338065472187452e-02
2.043790303264572672e-02
2.043251449899746372e-02
2.042721064855607463e-02
2.042198889328523254e-02
2.041684302140877802e-02
2.041177188825007982e-02
2.040677265845860025e-02
2.040186142307783695e-02
2.039703634710394661e-02
2.039229021422724400e-02
2.038761908079594898e-02
2.038302882685301062e-02
2.037851183356795617e-02
2.037406989941965493e-02
2.036970058866945099e-02
2.036540045921502937e-02
2.036116529544074183e-02
2.035699945006513856e-02
2.035290601982913533e-02
2.034888372654585290e-02
2.034492610579711688e-02
2.034103607983683837e-02
2.033721029603461836e-02
2.033344644791198336e-02
2.032974848499450454e-02
2.032611072300977151e-02
2.032253900269999705e-02
2.031902759075051093e-02
2.031557922393154025e-02
2.031219686336169922e-02
2.030888456210459478e-02
2.030563593274253148e-02
2.030244188221975651e-02
2.029930307760339711e-02
2.029622370336911508e-02
2.029320044240339946e-02
2.029023097471956485e-02
2.028731759873139001e-02
2.028445689893650095e-02
2.028164459899134409e-02
2.027889158988736840e-02
2.027619456331544029e-02
2.027355524789153929e-02
2.027096861416442797e-02
2.026844046880445921e-02
2.026596460546178924e-02
2.026354126565081681e-02
2.026117520378480086e-02
2.025886235239602456e-02
2.025660282432818760e-02
2.025439461549494169e-02
2.025223530472219230e-02
2.025012740721459509e-02
2.024807277010236273e-02
2.024608168533456598e-02
2.024414922574734044e-02
2.024227169826766509e-02
2.024044785251974052e-02
2.023867925738795717e-02
2.023696442719376959e-02
2.023530258127155187e-02
2.023368161823906400e-02
2.023210184914080861e-02
2.023056405416092524e-02
2.022906790796430779e-02
2.022761415251557796e-02
2.022620710188101009e-02
2.022485165730025097e-02
2.022354735191221609e-02
2.022228824706606004e-02
2.022107630966771263e-02
2.021991216888749388e-02
2.021880101949962913e-02
2.021774589997145030e-02
2.021674505895799945e-02
2.021579735755607565e-02
2.021490664091145709e-02
2.021408571359286505e-02
2.021332349400712172e-02
2.021263159119514319e-02
2.021201453310098040e-02
2.021146396158682648e-02
2.021098995427847433e-02
2.021063206501870838e-02
