1.364937380075521708e-05
2.080312389582826028e-03
4.168647883266586758e-03
6.318790073188493804e-03
8.472143000577331273e-03
1.062389055923271958e-02
1.275637369308660514e-02
1.490009440807469818e-02
1.716100704060525770e-02
1.933121633969539857e-02
2.150624174498590516e-02
2.368367520337656684e-02
2.584505497443267269e-02
2.800081595492166092e-02
3.011564003270747122e-02
3.229387617546490563e-02
3.442314857185188592e-02
3.651308943426918863e-02
3.862229472148797499e-02
4.072588121813967149e-02
4.278532007462124143e-02
4.487766899013873739e-02
4.697001790565621948e-02
4.902142991847053405e-02
5.114187278682359034e-02
5.331127940154711808e-02
5.551600412840669574e-02
5.771751811779918945e-02
5.989575426055648161e-02
6.209405751248193994e-02
6.429476881750761930e-02
6.656370829370521214e-02
6.884227998230360579e-02
7.112887851456926869e-02
7.338898846273288201e-02
7.560414808635960993e-02
7.797101505529821508e-02
8.038443771750715394e-02
8.269913020260834247e-02
8.506118106534664436e-02
8.738791381594877838e-02
8.958541438350758890e-02
9.181181158826862143e-02
9.411285843913541616e-02
9.632561000966205489e-02
9.854959916132285946e-02
1.009148607615279886e-01
1.032512257245308401e-01
1.054358833422219949e-01
1.076390027003478744e-01
1.098268710555057176e-01
1.119400897645578263e-01
1.140533084736101987e-01
1.160806399554228097e-01
1.181593432367059743e-01
1.201441324470818306e-01
1.221513968197259631e-01
1.241482262956027094e-01
1.261330155059785518e-01
1.280656302325168250e-01
1.299966395903215943e-01
1.318939362047236441e-01
1.337045429075192082e-01
1.354421053329422919e-01
1.372398690858701864e-01
1.389421133991571300e-01
1.407944596890224054e-01
1.428009213772997721e-01
1.448138045405110153e-01
1.469928433676352675e-01
1.493356298055721620e-01
1.515973451224693347e-01
1.537964510587616629e-01
1.560854576441277897e-01
1.582725233149191446e-01
1.607060130862965064e-01
1.629950196716625221e-01
1.652639591478602676e-01
1.675264771491242755e-01
1.698989629086302411e-01
1.721550594349605945e-01
1.746142351060734343e-01
1.770718054084526039e-01
1.794747931738943370e-01
1.820607929749502862e-01
1.845954209765356402e-01
1.869614852611076738e-01
1.894439387788556250e-01
1.922514794651287995e-01
1.947267088235762056e-01
1.974242817516075887e-01
2.000704828801683488e-01
2.026243753065550823e-01
2.053147240752856706e-01
2.078886836108406744e-01
2.103976257126905225e-01
2.130719207940867665e-01
2.159348467016641016e-01
2.182856599832681543e-01
2.209166101088609613e-01
2.235411387595197252e-01
2.261648647258117095e-01
2.288471866508755281e-01
2.314701099328013711e-01
2.341941714449347345e-01
2.367360236058204392e-01
2.393766059438147409e-01
2.418975883111658953e-01
2.444314136283846639e-01
2.472871153766621199e-01
2.496074266523312102e-01
2.521300143884156464e-01
2.546927363428369007e-01
2.575532541973139522e-01
2.601344378921690015e-01
2.628151544484987889e-01
2.654220240430897881e-01
2.678972534015369167e-01
2.706277363886039899e-01
2.734473173403793589e-01
2.759089010645913165e-01
2.782725572960632610e-01
2.808087906663824240e-01
2.830897704080813648e-01
2.859085486754890937e-01
2.885595659102501154e-01
2.910998127024028159e-01
2.931937669866535034e-01
2.957861882626432459e-01
2.982959330488600957e-01
3.007719650916744203e-01
3.034213769577026598e-01
3.059006197379832703e-01
3.086744476808537252e-01
3.109032529387161237e-01
3.136473815600172022e-01
3.159195317736823161e-01
3.183666671792940717e-01
3.209462455054170604e-01
3.235908412652440114e-01
3.263534316269812718e-01
3.283695255276599112e-01
3.308415441486392550e-01
3.334203197903952698e-01
3.357558820690322299e-01
3.382126496870456189e-01
3.408676803436392899e-01
3.431029070764350375e-01
3.458149283230679827e-01
3.480589845838980012e-01
3.502958166854262534e-01
3.527525843034390873e-01
3.557335048129263710e-01
3.580795019883314390e-01
3.604415528510694355e-01
3.627682856016719581e-01
3.653310075560927128e-01
3.675293108080193716e-01
3.700591227034053521e-01
3.722036461027596888e-01
3.750135948421339793e-01
3.774133718701082052e-01
3.799776991932636294e-01
3.821864373419577299e-01
3.844088211248845588e-01
3.867692666188906059e-01
3.893817550040481468e-01
3.924284956316081985e-01
3.945304767595274043e-01
3.975563475935501856e-01
3.996390642966675122e-01
4.026031284344525618e-01
4.048247095330138601e-01
4.069074262361317418e-01
4.092943603142397135e-01
4.120136057201723156e-01
4.143604055799434693e-01
4.168420564133248907e-01
4.193895273647774147e-01
4.219217473132637064e-01
4.247116289434695324e-01
4.274132152933344253e-01
4.298194137962428885e-01
4.321878861339151223e-01
4.343982296513417829e-01
4.365379369444973845e-01
4.389473461848735769e-01
4.417677298210151982e-01
4.438255633087631047e-01
4.459628625488172848e-01
4.492271306397606079e-01
4.515249667531613942e-01
4.539616672620038762e-01
4.561784322543675496e-01
4.579280349452893861e-01
4.608776507644767317e-01
4.632661902113168195e-01
4.657229578293292649e-01
4.680424664206322971e-01
4.708315453664705386e-01
4.735331317163385956e-01
4.760645489804560815e-01
4.786449299909484312e-01
4.802741300268653091e-01
4.828938425713208971e-01
4.848425109851976500e-01
4.875288463320923138e-01
4.898467495546641737e-01
4.929408485598594236e-01
4.956785557062278191e-01
4.986056963631481098e-01
5.007261392314987791e-01
5.028714653152223102e-01
5.052736503963017878e-01
5.078275428226839416e-01
5.100988903519840800e-01
5.129802780000004558e-01
5.159917005154195380e-01
5.186981029714885505e-01
5.212873135100136723e-01
5.233997295346969336e-01
5.258974340554146698e-01
5.278573400504251723e-01
5.304794606479835695e-01
5.329386363190947717e-01
5.346103786264480018e-01
5.374797260089633211e-01
5.402784371672012531e-01
5.427552718943819965e-01
5.449977227864792884e-01
5.473372984869524505e-01
5.504723343948517700e-01
5.527870268799521813e-01
5.550029891879486588e-01
5.573233004636194421e-01
5.601629485245650519e-01
5.631077482375443921e-01
5.653863199261454087e-01
5.678454955972599416e-01
5.705093557818918804e-01
5.727365556710194427e-01
5.750913823744547848e-01
5.784166544772720853e-01
5.815661387037739383e-01
5.841922727231707579e-01
5.865358618454706852e-01
5.888842670739751206e-01
5.909774186738611101e-01
5.933089675306640887e-01
5.960635310487364391e-01
5.982730718817993454e-01
6.005082986145917623e-01
6.031119574717147547e-01
6.052492567117716549e-01
6.080535866605786266e-01
6.104926952225265824e-01
6.133299352303698271e-01
6.155868344410639903e-01
6.184569845079425088e-01
6.219034619501360162e-01
6.235607559388870458e-01
6.261210698402106534e-01
6.291389138305649720e-01
6.307721272883118901e-01
6.333685619861355587e-01
6.356519497809381969e-01
6.380830314992166352e-01
6.403816702969834518e-01
6.435456028420882824e-01
6.462961529383233206e-01
6.484246226503425081e-01
6.508107540440832839e-01
6.531150116324206945e-01
6.565382112279759541e-01
6.596395343924771337e-01
6.620465355797509055e-01
6.637407530493694141e-01
6.663098964787245171e-01
6.686671312352656660e-01
6.711038317441101464e-01
6.727972465293633464e-01
6.754707389263967521e-01
6.776738582845245329e-01
6.799628648698869959e-01
6.826740834321515239e-01
6.842302391906941450e-01
6.875819998776130371e-01
6.894367542205787069e-01
6.925236290664765759e-01
6.950149121122610740e-01
6.979139588163368879e-01
7.001772795019689521e-01
7.023603317509313770e-01
7.041348176572240769e-01
7.057897035928740737e-01
7.074429841597910107e-01
7.086531829562744411e-01
7.105376366208121519e-01
7.127616257724760374e-01
7.153452175204286778e-01
7.181832602126382303e-01
7.203181513995917662e-01
7.231281001389687768e-01
7.262005266662630021e-01
7.277655119528422256e-01
7.287533671797438162e-01
7.311675925263214637e-01
7.342167412069758869e-01
7.361292888243471388e-01
7.384263222533807847e-01
7.399760565369942755e-01
7.418308108799609446e-01
7.445990200322653019e-01
7.454351679138543352e-01
7.466116539669374053e-01
7.492875544170701785e-01
7.513839167544196229e-01
7.527827463770816463e-01
7.542144860587813859e-01
7.564521208446778333e-01
7.584256724739253386e-01
7.600492537192748976e-01
7.619658147584811303e-01
7.649354976868338873e-01
7.664346628553420082e-01
7.675926871679897845e-01
7.693117878529798226e-01
7.713840696593271540e-01
7.731473179844862154e-01
7.750422065457908127e-01
7.765020401803276462e-01
7.779185288590655389e-01
7.798182335265698706e-01
7.821722575456422355e-01
7.831408483477420024e-01
7.844907142240381548e-01
7.867387839067047084e-01
7.879955383964604154e-01
7.890612540069322778e-01
7.900274367559296795e-01
7.911437214815046914e-01
7.919020089795206774e-01
7.933923446199936391e-01
7.941915690207133061e-01
7.953656470206950102e-01
7.967965840180359915e-01
7.977025654395304421e-01
7.988180474807409226e-01
7.995771376631241045e-01
8.009687431264888025e-01
8.017206091495716613e-01
8.034645930499302313e-01
8.052085769502894674e-01
8.061843919116902235e-01
8.068471599700665076e-01
8.078117373503339582e-01
8.086189885947215883e-01
8.092945996029661249e-01
8.097591046227603506e-01
8.101666190525181888e-01
8.110501253117415876e-01
8.118662060841554950e-01
8.120738521065876681e-01
8.136597071866976671e-01
8.161855056602477232e-01
8.180322331595454299e-01
8.205845202172062924e-01
8.227796127316635566e-01
8.262012069584857565e-01
8.288265382935127157e-01
8.321044520186876570e-01
8.351849053896456265e-01
8.386297774631030766e-01
8.421886307166398522e-01
8.453991189550107421e-01
8.488536232408706583e-01
8.527142858162888306e-01
8.557313271222757312e-01
8.590638233843951310e-01
8.621218015930870449e-01
8.657424615428552794e-01
8.690564960645341674e-01
8.726289949523015066e-01
8.764101917754116844e-01
8.802130610764294927e-01
8.837044888431588863e-01
8.875659541029469191e-01
8.912853442298234175e-01
8.951315584866472719e-01
8.992442639532193249e-01
9.030704111008637236e-01
9.065361529678520602e-01
9.104730705581249861e-01
9.143907237235723295e-01
9.184223580691012190e-01
9.227381426804697195e-01
9.268596776750663846e-01
9.307203402504732326e-01
9.346187289911421781e-01
9.387386586170095581e-01
9.429822016353518466e-01
9.469648722345268554e-01
9.510559052231857269e-01
9.551051986247843795e-01
9.593896785458461141e-01
9.636974363135216715e-01
9.678783699512623073e-01
9.720456579547799292e-01
9.761647848962941021e-01
9.803136111593585555e-01
9.845338763310668151e-01
9.886931374909231351e-01
9.929816308338075270e-01
9.973295228198170159e-01
1.001705508758684582e+00
1.006078283960077036e+00
1.010303365237988693e+00
1.014740355188717302e+00
1.019241559888798498e+00
1.023766845119857383e+00
1.028207848492424858e+00
1.032501157941518866e+00
1.036977479426204773e+00
1.041269183506553508e+00
1.045816141215543560e+00
1.050374336505637496e+00
1.054894002946136888e+00
1.059167245286067871e+00
1.063581760074528537e+00
1.067863831942476693e+00
1.072389919857906992e+00
1.077030791637801022e+00
1.081356208461548452e+00
1.085807646730874154e+00
1.090299219218559879e+00
1.094794805128048942e+00
1.099295207143743180e+00
1.103768317890990946e+00
1.108357817871395090e+00
1.112875076258788898e+00
1.117384307802530730e+00
1.121748253475903567e+00
1.126243839385391521e+00
1.130659959542585913e+00
1.135151532030260979e+00
1.139645512571022978e+00
1.144080897153022969e+00
1.148527519316154155e+00
1.152716479797571747e+00
1.157129389217300908e+00
1.161608921439460929e+00
1.166015409384256962e+00
1.170400224851154913e+00
1.174933536925903077e+00
1.179294271861781596e+00
1.183755342343512762e+00
1.188329591320950840e+00
1.192696747731791129e+00
1.197063101458253342e+00
1.201533804152376428e+00
1.205762096167752206e+00
1.209870788212487280e+00
1.214329450641129737e+00
1.218584231240624982e+00
1.223068579568977965e+00
1.227237472941221430e+00
1.231538006549603992e+00
1.235860212635891742e+00
1.240303624061568799e+00
1.244623422094756959e+00
1.249026699302087318e+00
1.253160274562191701e+00
1.257376526312065534e+00
1.262034254463640481e+00
1.266114049871184477e+00
1.270363211680108684e+00
1.274759264728128283e+00
1.278957857421942901e+00
1.283182938699852560e+00
1.287314105906855355e+00
1.291698921373748643e+00
1.295878249642768765e+00
1.300061591333611322e+00
1.304168678009612670e+00
1.308263724420120511e+00
1.312309807084251823e+00
1.316428131341386365e+00
1.320483043533546175e+00
1.324680030858626179e+00
1.329109796650076669e+00
1.333285914181604692e+00
1.337240490827933836e+00
1.341260084907963446e+00
1.345367974268332656e+00
1.349382752242161088e+00
1.353377463106821166e+00
1.357317591434545445e+00
1.361317921089783889e+00
1.365342331276022447e+00
1.369291289131772782e+00
1.373058836581090070e+00
