1.364937380075521708e-05
5.652431163980682627e-04
1.127271755762862017e-03
1.686892342027469230e-03
2.248118297025535148e-03
2.811752305123788043e-03
3.376991681955500077e-03
3.941428374420481891e-03
4.520313385486589459e-03
5.088763499785216304e-03
5.674872670151886317e-03
6.259376471785097623e-03
6.841472220318124339e-03
7.423567968851147586e-03
8.000847611183803387e-03
8.585351412817019898e-03
9.170657898816969231e-03
9.746332172416166326e-03
1.032521718348227563e-02
1.090490487891511776e-02
1.150465968351619024e-02
1.207632053528174404e-02
1.263915185901327148e-02
1.322606371374667779e-02
1.378809235311147414e-02
1.438624178897908619e-02
1.496753485314538355e-02
1.557371113268028913e-02
1.618309814968211038e-02
1.678205026991645699e-02
1.737538359958368597e-02
1.795426861064980048e-02
1.856124757455143368e-02
1.916100237915250443e-02
1.974791423388590553e-02
2.032278582311836113e-02
2.091772452151905576e-02
2.150624174498590516e-02
2.208753480915218517e-02
2.267203861078539301e-02
2.326376657171915288e-02
2.386031063885329928e-02
2.443437954371902726e-02
2.504135850762066046e-02
2.561783546558657823e-02
2.619591779228593389e-02
2.677961890955241411e-02
2.736091197371870107e-02
2.794461309098518129e-02
2.853473568318546857e-02
2.909194821634989228e-02
2.967404396488291379e-02
3.024971823848213170e-02
3.084305156814936416e-02
3.144280637275043144e-02
3.201045380268233154e-02
3.258612807628152169e-02
3.316982919354800885e-02
3.374470078278047486e-02
3.431074284397891277e-02
3.487598222081066124e-02
3.547172360357811471e-02
3.602412003054217271e-02
3.656367350763855412e-02
3.712249140953645388e-02
3.770057373623585811e-02
3.827383995673488970e-02
3.885111959906755591e-02
3.942518850393330471e-02
3.999283593386521868e-02
4.055646994196349803e-02
4.111127442202773541e-02
4.164440642419030281e-02
4.222650217272334860e-02
4.278532007462124143e-02
4.336420508568739063e-02
4.391258809081781400e-02
4.448424894258337647e-02
4.504948831941511106e-02
4.562355722428085986e-02
4.619200733857950492e-02
4.674841718737721141e-02
4.729920824560781417e-02
4.785481541003880346e-02
4.841844941813708281e-02
4.896843779200096142e-02
4.953849327503308253e-02
5.011818097046595588e-02
5.069385524406518073e-02
5.126391072709730878e-02
5.184921721309727893e-02
5.243452369909724214e-02
5.302384360693087467e-02
5.360513667109718244e-02
5.418321899779660750e-02
5.479983017409899293e-02
5.540761182236738497e-02
5.595519214313105644e-02
5.654932815716502692e-02
5.717316349276790888e-02
5.777532635046913473e-02
5.837668652380361561e-02
5.894593932246895013e-02
5.953686459903592687e-02
6.013581671927022837e-02
6.073878226133815061e-02
6.131766727240419573e-02
6.191019791770468322e-02
6.250834735357219119e-02
6.309204847083865753e-02
6.367815764120528244e-02
6.429476881750761930e-02
6.489291825337514807e-02
6.552558311701205118e-02
6.612132449977940751e-02
6.674435715101559308e-02
6.735775758985099171e-02
6.797677681925351489e-02
6.859740141738947250e-02
6.919715622199050509e-02
6.985069087916236097e-02
7.044723494629644145e-02
7.106866222879913708e-02
7.167804924580087333e-02
7.230991142507106617e-02
7.291367965150573338e-02
7.350781566553966917e-02
7.413325636987597167e-02
7.470170648417454040e-02
7.530788276370939394e-02
7.592208588691151672e-02
7.655314538181494377e-02
7.719704782658610986e-02
7.783773953389029610e-02
7.850652519403003571e-02
7.913276858273313175e-02
7.977827639623770450e-02
8.044866742511092017e-02
8.105404102027902180e-02
8.167707367151522124e-02
8.229609290091773055e-02
8.294079803005555140e-02
8.356222531255827479e-02
8.420612775732942701e-02
8.486447852070169717e-02
8.553808028704179556e-02
8.620204984098112089e-02
8.680822612051598830e-02
8.738791381594877838e-02
8.800131425478420477e-02
8.856254020978224228e-02
8.917192722678402017e-02
8.976847129391812841e-02
9.041558447615620497e-02
9.098082385298787711e-02
9.158138134195560609e-02
9.216989856542243120e-02
9.280176074469259628e-02
9.340954239296089812e-02
9.404702336279818775e-02
9.464437011429904789e-02
9.525937592186792258e-02
9.582702335179979491e-02
9.644443721246884205e-02
9.705542959820409599e-02
9.765678977153859075e-02
9.825654457613955395e-02
9.887155038370842863e-02
9.948976692874421379e-02
1.001553418514170152e-01
1.007847959775870078e-01
1.014415413722257603e-01
1.020613632859949799e-01
1.026916200965316828e-01
1.033090339572007993e-01
1.039039726556014592e-01
1.044740281386335318e-01
1.050408728841986661e-01
1.056582867448677132e-01
1.062508173901681452e-01
1.068626124602701372e-01
1.074776182678390118e-01
1.080452656977708426e-01
1.085992674934682933e-01
1.092150759854038505e-01
1.098268710555057176e-01
1.104001372760046451e-01
1.109798249714374213e-01
1.115274052922009956e-01
1.121279627811687385e-01
1.126923994736337420e-01
1.132680737472328697e-01
1.138461560739323503e-01
1.143736692855278070e-01
1.149373032936261280e-01
1.155009373017245045e-01
1.160196209852859123e-01
1.165800442559173228e-01
1.171573238982499543e-01
1.177032988502802191e-01
1.182709462802121608e-01
1.188153158635089357e-01
1.193396183376375236e-01
1.198928174489682780e-01
1.204131065012632867e-01
1.209799512468285182e-01
1.214873973492556769e-01
1.220253454576186725e-01
1.225616881972480532e-01
1.231124792554787184e-01
1.236367817296071953e-01
1.241996130533388337e-01
1.247319423711346631e-01
1.252458099484957399e-01
1.257877714786923007e-01
1.263473920649569315e-01
1.269102233886884312e-01
1.274176694911156593e-01
1.279235102248093836e-01
1.284614583331723514e-01
1.290042225477356364e-01
1.295221035469303061e-01
1.299966395903215943e-01
1.305361930674179549e-01
1.310372176949111955e-01
1.315438611129716995e-01
1.320553206372326038e-01
1.325410942617580856e-01
1.330316839924839956e-01
1.335102334577089600e-01
1.340048366102685740e-01
1.344665297037921647e-01
1.349482899064841090e-01
1.353754675722383394e-01
1.358981646776334096e-01
1.363173154997204262e-01
1.368488421331495175e-01
1.373498667606430079e-01
1.377850712700644797e-01
1.382668314727563408e-01
1.387317353037468559e-01
1.392167062439056691e-01
1.397434167711342767e-01
1.402243742894594136e-01
1.407013183859509298e-01
1.412826114501172792e-01
1.417876494994442793e-01
1.423247949234404119e-01
1.428482947132022618e-01
1.434055072463666924e-01
1.439177694549942099e-01
1.444870222536595583e-01
1.450137327808882493e-01
1.456183036916897100e-01
1.462003994402227558e-01
1.468009569291905680e-01
1.474119493149260440e-01
1.480446141785629333e-01
1.487077810481355622e-01
1.493356298055721620e-01
1.499626758786419545e-01
1.505608253145096220e-01
1.511790418595454211e-01
1.517218060741086505e-01
1.524114615277835094e-01
1.529879384857492641e-01
1.535796664466830830e-01
1.542219635227207453e-01
1.548466015426904763e-01
1.554254865537565422e-01
1.560059769335561397e-01
1.565920861039227507e-01
1.572263563362931993e-01
1.578453755656958057e-01
1.584475384233970108e-01
1.590930462369016807e-01
1.597835043749430972e-01
1.603872726013777505e-01
1.610255562555818476e-01
1.616477862224513229e-01
1.622443302895854589e-01
1.628834166281563356e-01
1.635176868605267564e-01
1.640652671812903862e-01
1.647075642573281318e-01
1.653330049616643926e-01
1.659327597662654807e-01
1.665268957802993888e-01
1.672173539183409718e-01
1.678259382509760256e-01
1.684513789553123697e-01
1.690816357658491975e-01
1.697054711014521489e-01
1.702618809502500496e-01
1.708415686456828120e-01
1.715352375211912361e-01
1.721550594349605945e-01
1.727949484578981398e-01
1.733979139999662633e-01
1.741357305156446544e-01
1.748398342879206591e-01
1.754684857297238720e-01
1.762801492071414955e-01
1.768590342182076447e-01
1.774740400257767969e-01
1.781877760104532415e-01
1.787859254463208536e-01
1.793760480385211964e-01
1.801435638757686308e-01
1.807641884739047411e-01
1.815268882049517751e-01
1.821643691747891480e-01
1.828395763098630555e-01
1.835163888136700228e-01
1.843103932350195207e-01
1.848740272431179110e-01
1.854464907792501005e-01
1.861891234011290586e-01
1.868362365833669547e-01
1.874689014470040938e-01
1.881778213254803322e-01
1.888441989325199688e-01
1.895089711708260738e-01
1.902227071555027682e-01
1.911098229633929058e-01
1.918339938448370419e-01
1.925067929268104161e-01
1.932502282330562093e-01
1.937937951319861074e-01
1.944946881667952432e-01
1.952068187827383228e-01
1.959935990447874143e-01
1.967097430825642257e-01
1.974242817516075887e-01
1.982407613352255293e-01
1.989384436325677685e-01
1.996433500892102197e-01
2.002840417965147668e-01
2.009769079876563003e-01
2.016545231758300194e-01
2.023618376855728096e-01
2.030811924608165175e-01
2.037275029586878561e-01
2.045086644301697398e-01
2.052657453706497326e-01
2.059369390838897418e-01
2.066378321186987388e-01
2.072424030295003383e-01
2.080524611381842914e-01
2.086971662673221817e-01
2.092848808064224631e-01
2.100612261717039186e-01
2.107540923628455354e-01
2.114469585539872631e-01
2.122233039192686632e-01
2.130165056562516313e-01
2.135632832926484814e-01
2.142738085398585013e-01
2.151689511914155473e-01
2.159894441968671086e-01
2.166357546947385304e-01
2.172419309742733284e-01
2.178850307346776594e-01
2.186605734155925018e-01
2.193253456538985791e-01
2.200952695442461304e-01
2.206717465022121905e-01
2.214529079736939354e-01
2.221802895926052457e-01
2.229181061082836368e-01
2.235411387595197252e-01
2.242773499064647236e-01
2.249116201388351721e-01
2.256727145011488411e-01
2.263142088928196682e-01
2.270303529305967294e-01
2.277264298592056591e-01
2.285710033956590281e-01
2.292783179054017073e-01
2.300273720022144308e-01
2.308237844766645730e-01
2.313842077472959002e-01
2.321372752659421612e-01
2.329866649085961527e-01
2.336249485628000833e-01
2.343298550194426455e-01
2.349560984081464077e-01
2.356907041863576524e-01
2.365152106136427235e-01
2.371615211115148114e-01
2.378600060932231641e-01
2.385320024908300085e-01
2.392585814253747611e-01
2.398462959644745984e-01
2.406290628046902358e-01
2.413716954265692216e-01
2.419449616470683850e-01
2.425768238263386334e-01
2.431348390438696216e-01
2.439681749991892967e-01
2.447613767361722092e-01
2.454044764965767900e-01
2.462771439858660871e-01
2.470125524484443613e-01
2.476395985215147644e-01
2.483140029722212261e-01
2.489643268919266295e-01
2.496074266523312102e-01
2.501469801294279316e-01
2.508679402734046437e-01
2.516250212138850806e-01
2.523427706203951182e-01
2.530701522393065672e-01
2.536265620881042460e-01
2.542977558013439499e-01
2.552234004588371796e-01
2.559387418122470725e-01
2.568483327824054863e-01
2.575018674395776475e-01
2.581080437191125565e-01
2.586901394676454635e-01
2.595339103197326081e-01
2.602548704637093202e-01
2.609589742359856857e-01
2.618035477724385274e-01
2.623503254088353498e-01
2.632912210692969768e-01
2.641229516558818990e-01
2.647323386728844263e-01
2.652205203505100806e-01
2.660482375152620205e-01
2.666632433228308119e-01
2.672886840271676001e-01
2.679598777404071930e-01
2.688004378550267193e-01
2.694483537216322833e-01
2.701837621842100856e-01
2.710042551896616470e-01
2.718825414695184017e-01
2.726404250943647023e-01
2.732169020523316783e-01
2.739041494529058651e-01
2.746652438152190068e-01
2.751293449618429365e-01
2.759089010645913165e-01
2.765399605594954235e-01
2.772665394940394545e-01
2.779088365700769225e-01
2.784813001062096394e-01
2.790200508989398309e-01
2.796928499809130386e-01
2.805494637828671589e-01
2.811484159031015784e-01
2.818517169910109699e-01
2.824217724740433200e-01
2.830576480751467172e-01
2.837978726439262522e-01
2.846320112836123739e-01
2.853353123715210993e-01
2.861004201556681670e-01
2.867981024530101841e-01
2.873874223608441913e-01
2.881581489355584114e-01
2.889633909380420751e-01
2.895262222617736581e-01
2.902150750310824034e-01
2.909898150276301054e-01
2.915687000386959493e-01
2.921355447842612363e-01
2.927039948985597495e-01
2.932933148063933682e-01
2.941467178708813690e-01
2.949286820267293940e-01
2.953791375391189855e-01
2.960647795709601127e-01
2.967977799804390471e-01
2.972996072922993172e-01
2.980687284982797558e-01
2.988137691732584700e-01
2.995058326800331683e-01
3.001168250657683667e-01
3.007719650916744203e-01
3.015876419909253592e-01
3.022660598634659412e-01
3.027935730750616616e-01
3.036582137206840226e-01
3.043278020651908333e-01
3.049195300261243191e-01
3.055883156862638783e-01
3.063678717890122583e-01
3.071498359448607274e-01
3.077752766491974601e-01
3.086375092417187327e-01
3.090911754915751097e-01
3.095408283195978938e-01
3.102168381390387752e-01
3.111007432094624603e-01
3.117687261852357117e-01
3.126197211966225131e-01
3.133166008095975008e-01
3.138730069188291338e-01
