1.849701574257503825e-02
1.805198558684151938e-02
1.763935585230469449e-02
1.724801516076337679e-02
1.687233538574278713e-02
1.650900543509023488e-02
1.615650502054663887e-02
1.581392506000758175e-02
1.548025822872811305e-02
1.515497939016781197e-02
1.483762663937217285e-02
1.452764377735286244e-02
1.422499454108224447e-02
1.392914885139315273e-02
1.363977408057902123e-02
1.335675808205966097e-02
1.308000968149550594e-02
1.280928354862682396e-02
1.254416626999289158e-02
1.228445182278877640e-02
1.203034118291538071e-02
1.178147663588564008e-02
1.153792540264159810e-02
1.129934325958961185e-02
1.106570047448792241e-02
1.083664758593144185e-02
1.061230431494366959e-02
1.039246511026111278e-02
1.017691002331754663e-02
9.965689456679079766e-03
9.758738802093987891e-03
9.556294691495452812e-03
9.358132284470249349e-03
9.164144440915079556e-03
8.974105549283462047e-03
8.787572715724003072e-03
8.604620848187883100e-03
8.425433337266573577e-03
8.249801673126650955e-03
8.077490654156650393e-03
7.908719634437962054e-03
7.743281742692513687e-03
7.581059204384949304e-03
7.421989931643586426e-03
7.266069311578890293e-03
7.113200686680111288e-03
6.963465788622609336e-03
6.816864345635887702e-03
6.673185703519035443e-03
6.532427717135433007e-03
6.394464035098672110e-03
6.259340372296315694e-03
6.126828518249513578e-03
5.997166480865285046e-03
5.870269591293744010e-03
5.746026115897090968e-03
5.624452233930832441e-03
5.505475858253498778e-03
5.389045517465236752e-03
5.274903989719777544e-03
5.163178715050607305e-03
5.053780063464420255e-03
4.946675594938531803e-03
4.841780345353652315e-03
4.739036924537324592e-03
4.638402886867541014e-03
4.539975961086103844e-03
4.443609180762656853e-03
4.349300072720622447e-03
4.257085201449482825e-03
4.166834570786655256e-03
4.078570550631559558e-03
3.992152246708361753e-03
3.907610752988067461e-03
3.824955810095669474e-03
3.744030756079581076e-03
3.664853712661086428e-03
3.587462783980205870e-03
3.511748453222022712e-03
3.437664431647181971e-03
3.365151333808166691e-03
3.294148122084433923e-03
3.224659218268573734e-03
3.156621796904097044e-03
3.090100872922410709e-03
3.025019730779700960e-03
2.961219056644260206e-03
2.898741900028912761e-03
2.837758556775373756e-03
2.778153712954018525e-03
2.719816131748728147e-03
2.662725623297719328e-03
2.606910621558004328e-03
2.552391364285492605e-03
2.499160977533028752e-03
2.447070269118883836e-03
2.396010695973390097e-03
2.346010546141538179e-03
2.297080112031104834e-03
2.249251919298055069e-03
2.202457143590106931e-03
2.156685860307751453e-03
2.111822278806234788e-03
2.067874756498703451e-03
2.024918858976885398e-03
1.982921519220827693e-03
1.941784268375989619e-03
1.901517264807261109e-03
1.862040946721254262e-03
1.823359254960961288e-03
1.785412562599966290e-03
1.748175063740532199e-03
1.711673283285863227e-03
1.675890694117228514e-03
1.640893646849706650e-03
1.606656077856130540e-03
1.573081319056939984e-03
1.540158572502075933e-03
1.507902438429918873e-03
1.476327117903587652e-03
1.445392229325814836e-03
1.415078820543860891e-03
1.385359084035553542e-03
1.356243731631380295e-03
1.327701540526246516e-03
1.299728439711249611e-03
1.272327043638746442e-03
1.245497858963732747e-03
1.219182481959702261e-03
1.193365525731336987e-03
1.168043628841342616e-03
1.143240867542865899e-03
1.118962644440097028e-03
1.095197478015704721e-03
1.071945414071850738e-03
1.049194241590955829e-03
1.026965102825460946e-03
1.005230114109503499e-03
9.839568241392369127e-04
9.631511595921746346e-04
9.427949503854779435e-04
9.228642190429332251e-04
9.033316719331342974e-04
8.842144070093870510e-04
8.655447435850787026e-04
8.473274666004391000e-04
8.295448941259861257e-04
8.121265290211584055e-04
7.950260364771107209e-04
7.782495966783988103e-04
7.618040264535832877e-04
7.456969189706665014e-04
7.299236463882933113e-04
7.144942294364731638e-04
6.993800360846248601e-04
6.845589556430404371e-04
6.700272913900479554e-04
6.557939829475161343e-04
6.418654289201208103e-04
6.282484161919496980e-04
6.149406374857712201e-04
6.019216845449043216e-04
5.891883485211919791e-04
5.767277038163566181e-04
5.645485131076031756e-04
5.526448461660929531e-04
5.410180966506776849e-04
5.296545364667421853e-04
5.185819103576819796e-04
5.077919027921800471e-04
4.972817556214779566e-04
4.870475078638538367e-04
4.770754700156479115e-04
4.673643131212675277e-04
4.578946951594474522e-04
4.486637843771489769e-04
4.396583587303284262e-04
4.308609324559490206e-04
4.222712519227821105e-04
4.138906504352155989e-04
4.057228133748546272e-04
3.977608188326990602e-04
3.899915502697634171e-04
3.824028636418104130e-04
3.750043045203474315e-04
3.677941295650552543e-04
3.607686775584750100e-04
3.539165783573211457e-04
3.472328646954925616e-04
3.407126328620513518e-04
3.343590313268469342e-04
3.281574711852855409e-04
3.221109578489499679e-04
3.162176897910822025e-04
3.104735972439420940e-04
3.048751232181173203e-04
2.994197537171095456e-04
2.941018897165766804e-04
2.889191915315880103e-04
2.838829061590814767e-04
2.789882053052610521e-04
2.742308397121137348e-04
2.695957661091631110e-04
2.650870484957707179e-04
2.607070250531688996e-04
2.564542478475989248e-04
2.523271313020315830e-04
2.483222953960399705e-04
2.444411760108035608e-04
2.406762375032162288e-04
2.370342356060905261e-04
2.335113417661549215e-04
2.300984720932834702e-04
2.268002515464452779e-04
2.236127478898892735e-04
2.205286466051682530e-04
2.175518647881473063e-04
2.146747053893686182e-04
2.118906321305570248e-04
2.092062723614877221e-04
2.066178382336518731e-04
2.041222798602126086e-04
2.017231283672012339e-04
1.994080162527863472e-04
1.971832312335753908e-04
1.950470705064134564e-04
1.929963791096759641e-04
1.910284832816208460e-04
1.891374495143651315e-04
1.873202148232204262e-04
1.855735622683666252e-04
1.838966044587380972e-04
1.822927557169174253e-04
1.807583923350982672e-04
1.792850016673579313e-04
1.778734504454460756e-04
1.765172938449769465e-04
1.752140419295026012e-04
1.739696069557221468e-04
1.727798027164465834e-04
1.716439696216598692e-04
1.705606757143336553e-04
1.695219767023764524e-04
1.685313671067796299e-04
1.675826436569117551e-04
1.666769293998050425e-04
1.658159826107836576e-04
1.649970647716278731e-04
1.642142072361743577e-04
1.634693045423519652e-04
1.627574842337300726e-04
1.620783273204069058e-04
1.614280511633916116e-04
1.608061248817882786e-04
1.602119122578708082e-04
1.596387220241334123e-04
1.590889981769916023e-04
1.585616670585225565e-04
1.580580243384658776e-04
1.575759276320400244e-04
1.571105122222020368e-04
1.566701509016751371e-04
1.562456472853841251e-04
1.558367460230438404e-04
1.554441337014046004e-04
1.550645063015404653e-04
1.547007110989202458e-04
1.543495623217631778e-04
1.540080351785730198e-04
1.536792756160983479e-04
1.533617821378552932e-04
1.530545958969875043e-04
1.527585101912556063e-04
1.524687689892673147e-04
1.521887651624686643e-04
1.519156844729755026e-04
1.516497528082313723e-04
1.513928283580810794e-04
1.511418033699673201e-04
1.508969264534585730e-04
1.506589200779230771e-04
1.504269321420552202e-04
1.501999659868072845e-04
1.499814366425809647e-04
1.497661870492435145e-04
1.495569804200149106e-04
1.493527408326655339e-04
1.491546331522325766e-04
1.489598496502432502e-04
1.487713559946182674e-04
1.485862541829997656e-04
1.484058370408973147e-04
1.482281471385048894e-04
1.480578934217162152e-04
1.478897656205020890e-04
1.477258634025180187e-04
1.475674244220667784e-04
1.474100554542504037e-04
1.472587544941030100e-04
1.471064011111313538e-04
1.469602058816568994e-04
1.468168588560344939e-04
1.466715812956720171e-04
1.465348022096592728e-04
1.463999419190802141e-04
1.462643230363250735e-04
1.461344456942656131e-04
1.460064445346779323e-04
1.458761888510475902e-04
1.457527721618073096e-04
1.456273873164453617e-04
1.455058783024830806e-04
1.453862523781130440e-04
1.452688615676571079e-04
1.451513958948041829e-04
1.450396312371721164e-04
1.449292775927746616e-04
1.448163549013670875e-04
1.447099827465442442e-04
1.446044652973415634e-04
1.444987890420855057e-04
1.443950273513458678e-04
1.442920962651084269e-04
1.441905966433114036e-04
1.440864024992728190e-04
1.439866877726669707e-04
1.438914142703374304e-04
1.437952657648231816e-04
1.437044833416459006e-04
1.436111568595566524e-04
1.435225529221744486e-04
1.434305958305480682e-04
1.433433004633008728e-04
1.432569313706574083e-04
1.431688292549872915e-04
1.430860829540557121e-04
1.430023657936903790e-04
1.429197797166060645e-04
1.428378029302676175e-04
1.427587431790273422e-04
1.426814771567129026e-04
1.426045881556286708e-04
1.425296688522133780e-04
1.424507408249760644e-04
1.423774035923868419e-04
1.423025830603467424e-04
1.422252507314411172e-04
1.421549212139453715e-04
1.420801330510386602e-04
1.420102399420996404e-04
1.419433812784916141e-04
1.418722008207844805e-04
1.418026669590036323e-04
1.417363997329883544e-04
1.416699737854594423e-04
1.416018623766072872e-04
1.415394371009029320e-04
1.414771480537464147e-04
1.414101692241889589e-04
1.413441165344423410e-04
1.412814939248565726e-04
1.412220517960649795e-04
1.411629830311044223e-04
1.411026045015769065e-04
1.410421073877177460e-04
1.409834139425020629e-04
1.409288938514868220e-04
1.408736340976787609e-04
1.408161754273979109e-04
1.407600098141848389e-04
1.407049168213514087e-04
1.406520923354819333e-04
1.406011533529751120e-04
1.405460888583880336e-04
1.404949475358989322e-04
1.404448870899594446e-04
1.403900858374271211e-04
1.403356992607554499e-04
1.402873100164773947e-04
1.402379506479265955e-04
1.401862833724444222e-04
1.401398344265558540e-04
1.400865752486664232e-04
1.400328399632620074e-04
1.399865935541546225e-04
1.399410784644993639e-04
1.398970735032136262e-04
1.398509824724529862e-04
1.398053790653662888e-04
1.397605001968096211e-04
1.397183582985952403e-04
1.396770787998448209e-04
1.396343073889919713e-04
1.395933628660871433e-04
1.395473134907396445e-04
1.395051226734705843e-04
1.394659169690873519e-04
1.394270385319624703e-04
1.393895729379098327e-04
1.393469700640408311e-04
1.393054136552441136e-04
1.392652239207205775e-04
1.392224992458999814e-04
1.391807422009825636e-04
1.391420867876303901e-04
1.391029458570236966e-04
1.390663412447830274e-04
1.390296121024076190e-04
1.389958608461106698e-04
1.389540450453180596e-04
1.389177203428887029e-04
1.388815814247740634e-04
1.388457492194018674e-04
1.388123368405153719e-04
1.387774499378741522e-04
1.387391753101092310e-04
1.387039049762741521e-04
1.386668855538884554e-04
1.386344438934122630e-04
1.386027620391283176e-04
1.385716596277044937e-04
1.385373530498295702e-04
1.385036944841316594e-04
1.384709567601116688e-04
1.384362813992264310e-04
1.384070552223437382e-04
1.383684673689391099e-04
1.383385623652359786e-04
1.383083096573867188e-04
1.382801225049735158e-04
1.382470494852024276e-04
1.382177540074613074e-04
1.381900995940913324e-04
1.381620508255027924e-04
1.381294684760826796e-04
1.381012915978775018e-04
1.380731703689109049e-04
1.380420912752419532e-04
1.380096439376356622e-04
1.379819718040456206e-04
1.379538764861164453e-04
1.379263417939151587e-04
1.378972763774266390e-04
1.378725276277895063e-04
1.378460567548664395e-04
1.378214365639272550e-04
1.377923904079282331e-04
1.377663751303883635e-04
1.377420505244296618e-04
1.377187281920677056e-04
1.376911280838346424e-04
1.376660517764489522e-04
1.376414943532039404e-04
1.376141096474404741e-04
1.375906366454498076e-04
1.375674150180244287e-04
1.375432975178186845e-04
1.375197841278615551e-04
1.374937468845948947e-04
1.374696407327243453e-04
1.374453789581413254e-04
1.374234042523461317e-04
1.373960695925414705e-04
1.373723341590910756e-04
1.373494482566299101e-04
1.373283556775068532e-04
1.373060417141074995e-04
1.372842116675356808e-04
1.372635885095529291e-04
1.372440084072495221e-04
1.372226405323271519e-04
1.371978363048470778e-04
1.371744165177259610e-04
1.371538656311631777e-04
1.371327897040008014e-04
1.371115762874836985e-04
1.370927242358026309e-04
1.370717115067484595e-04
1.370522706831211015e-04
1.370295706111721284e-04
1.370107155143751978e-04
1.369925583288287326e-04
1.369695519188149000e-04
1.369505834569343457e-04
1.369331583695312460e-04
1.369112998699081787e-04
1.368931411396142564e-04
1.368759998101507468e-04
1.368583380846872632e-04
1.368379462008957159e-04
1.368181110499360961e-04
1.368004503415596077e-04
1.367822150849945799e-04
1.367664502688822089e-04
1.367509257284567174e-04
1.367343888043301577e-04
1.367133135775386408e-04
1.366952763724867907e-04
1.366769488702738479e-04
1.366609357306661926e-04
1.366447691958208631e-04
