1.849701574257504172e-02
1.698372241406825855e-02
1.567934145603029628e-02
1.449708059255428935e-02
1.341291225585655202e-02
1.241358125307442072e-02
1.148980513124902431e-02
1.063451829192868514e-02
9.840984957349918627e-03
9.106738062445067852e-03
8.425433337266570108e-03
7.792556653502266152e-03
7.204530179747386034e-03
6.658980423495234648e-03
6.153097395322105513e-03
5.684907056101294945e-03
5.252362821240589424e-03
4.852168744628852087e-03
4.481904759039195309e-03
4.140165942423034047e-03
3.824955810095669040e-03
3.534295383672818140e-03
3.266176633029011563e-03
3.018582856035066306e-03
2.789962723835242610e-03
2.579480862489473818e-03
2.385922475303914672e-03
2.207090490176282904e-03
2.041973795545084548e-03
1.889593674776775213e-03
1.748175063740532416e-03
1.616850338921719220e-03
1.495191788013258694e-03
1.382422647876592556e-03
1.277760002260282636e-03
1.180639302083168847e-03
1.090504992910812333e-03
1.007382409987181383e-03
9.307881883516234620e-04
8.600287948913016385e-04
7.950260364771103956e-04
7.346227398329167055e-04
6.787120265052113723e-04
6.269046162863088374e-04
5.791977921346395030e-04
5.353016987400244621e-04
4.952152737082479283e-04
4.588309101581230999e-04
4.256830560476098009e-04
3.954101244932957827e-04
3.677941295650553086e-04
3.426495771385183373e-04
3.197337067572793247e-04
2.988818975800742041e-04
2.799552514994371874e-04
2.628807589466528689e-04
2.475370423473006727e-04
2.338588800649302830e-04
2.217494613988952809e-04
2.110751426209861957e-04
2.017231283672012068e-04
1.936022480621134333e-04
1.866130519849018403e-04
1.806077469179298502e-04
1.754708374079359617e-04
1.710953733579422063e-04
1.673992262347901664e-04
1.642901639442373505e-04
1.616859439370811765e-04
1.594712776838504197e-04
1.575759276320400787e-04
1.559566996191222201e-04
1.545592753938984090e-04
1.533304947140387748e-04
1.522440529174677994e-04
1.512661034727147966e-04
1.503815995703252956e-04
1.495774649327894737e-04
1.488466992077409456e-04
1.481761409775179071e-04
1.475674244220668326e-04
1.470048349120713679e-04
1.464812165124254563e-04
1.459933710428427684e-04
1.455290992253925055e-04
1.450953638529169044e-04
1.446890014794409830e-04
1.443026354872014238e-04
1.439287737761753305e-04
1.435844805956629157e-04
1.432569313706574083e-04
1.429446383291612223e-04
1.426513080698794077e-04
1.423703280996339220e-04
1.420941279614358252e-04
1.418380451088703943e-04
1.415897002367695720e-04
1.413499569893920873e-04
1.411282728237492909e-04
1.409123256123861296e-04
1.407049168213514900e-04
1.405095008650085182e-04
1.403165934325666261e-04
1.401333813601384501e-04
1.399499738178717979e-04
1.397848829245273018e-04
1.396262443049758341e-04
1.394696370106069988e-04
1.393215329201109300e-04
1.391669917121658945e-04
1.390296121024077003e-04
1.388919784211698036e-04
1.387607921081492339e-04
1.386312840531502585e-04
1.385097148768970026e-04
1.383878297440817805e-04
1.382727300163448395e-04
1.381649671135809238e-04
1.380566473544069580e-04
1.379448210897734359e-04
1.378460567548664938e-04
1.377497013741185586e-04
1.376568914590074408e-04
1.375653339418474023e-04
1.374760501091515114e-04
1.373840008930895011e-04
1.373019594483143547e-04
1.372246614300816033e-04
1.371409987640873627e-04
1.370660897200749078e-04
1.369925583288287326e-04
1.369184370409766839e-04
1.368514581443389621e-04
1.367806215336576047e-04
1.367174914385960746e-04
1.366521828933792257e-04
1.365908714896813556e-04
1.365316523459510320e-04
1.364729971338070867e-04
1.364153427764206925e-04
1.363551161913111888e-04
1.363056645482155595e-04
1.362518932482912996e-04
1.362005724185800419e-04
1.361533804567643957e-04
1.361050029592074492e-04
1.360561720718869987e-04
1.360092069591856069e-04
1.359613923450921872e-04
1.359216133860264891e-04
1.358823929529853205e-04
1.358389736740353289e-04
1.357956689960717256e-04
1.357563232584121503e-04
1.357210769647382363e-04
1.356823107418230400e-04
1.356449884319957345e-04
1.356107431389878034e-04
1.355752399962031158e-04
1.355428149240770017e-04
1.355088868857857629e-04
1.354772806322694612e-04
1.354469857086816197e-04
1.354167427844156729e-04
1.353891283397891279e-04
1.353616325457680097e-04
1.353305501961779447e-04
1.352972418552473796e-04
1.352730570991631431e-04
1.352440375510801057e-04
1.352207771265834582e-04
1.351914129692297496e-04
1.351675357248230663e-04
1.351451864894130585e-04
1.351227997488548666e-04
1.350999740457214287e-04
1.350778144153098165e-04
1.350544182393510143e-04
1.350304069312117223e-04
1.350071115047589345e-04
1.349821582462447378e-04
1.349626995575791007e-04
1.349442500216091977e-04
1.349259739944759062e-04
1.349091624487165121e-04
1.348931353797067913e-04
1.348766916410475494e-04
1.348579468658236220e-04
1.348409466074693608e-04
1.348263194349736435e-04
1.348046402911217778e-04
1.347890870212032721e-04
1.347735976296139877e-04
1.347595946481387557e-04
1.347477650546575405e-04
1.347290172612986632e-04
1.347160211824790859e-04
1.347000379447027400e-04
1.346874457172723147e-04
1.346726681386101806e-04
1.346590870073107252e-04
1.346450918899468193e-04
1.346324571550866890e-04
1.346228253015595278e-04
1.346109517514140763e-04
1.346011332086312535e-04
1.345887409988306201e-04
1.345780948062596290e-04
1.345637286278762474e-04
1.345518294982541081e-04
1.345408084339365709e-04
1.345314768527196812e-04
1.345218144566657603e-04
1.345124159797493060e-04
1.345028985734985348e-04
1.344944305472644836e-04
1.344845800125109021e-04
1.344710790925754461e-04
1.344604764141909040e-04
1.344506966563491603e-04
1.344431686701101462e-04
1.344356185107301776e-04
1.344282233021013321e-04
1.344193955406981376e-04
1.344117300436074869e-04
1.344058288256483704e-04
1.343971978693631140e-04
1.343886442505516849e-04
1.343819687582122806e-04
1.343763205434768957e-04
1.343706415606471939e-04
1.343623994706622362e-04
1.343566187801170696e-04
1.343511719520181912e-04
1.343445057686290718e-04
1.343372530041365466e-04
1.343314237266811145e-04
1.343260460047447874e-04
1.343211037865674380e-04
1.343155564515248902e-04
1.343107617973063144e-04
1.343037980212298315e-04
1.342963442035754215e-04
1.342893127395354146e-04
1.342821275946083810e-04
1.342772130349315757e-04
1.342728860742620092e-04
1.342691285344611895e-04
1.342653384943752188e-04
1.342610707971155599e-04
1.342571593971069626e-04
1.342529666542353233e-04
1.342481558964398879e-04
1.342447145032571486e-04
1.342405222481233976e-04
1.342368737081213481e-04
1.342328518498897517e-04
1.342292761128925649e-04
1.342246296284445230e-04
1.342185892406175024e-04
1.342162688457835163e-04
1.342118780889990474e-04
1.342081243749405765e-04
1.342058850025215232e-04
1.342026775661549708e-04
1.342003549293703003e-04
1.341972909822554242e-04
1.341951765790057153e-04
1.341871200431518727e-04
1.341838007860977639e-04
1.341817449916217595e-04
1.341790387971497417e-04
1.341769560564555854e-04
1.341717799223783212e-04
1.341682707123525390e-04
1.341663717016235440e-04
1.341647249756037585e-04
1.341619553628064620e-04
1.341599859752219735e-04
1.341580776929028639e-04
1.341565571329412024e-04
1.341546572837618858e-04
1.341529752881897935e-04
1.341511549822104387e-04
1.341489832780119133e-04
1.341478803242971438e-04
1.341450276531794261e-04
1.341433007741608464e-04
1.341410164603566528e-04
1.341375478890652188e-04
1.341357486769273813e-04
1.341342696426947286e-04
1.341332015488450350e-04
1.341322212043396720e-04
1.341313595658960806e-04
1.341305140384146900e-04
1.341299328935918061e-04
1.341289483458131884e-04
1.341267143287549568e-04
1.341253530090391220e-04
1.341237741366805300e-04
1.341228939267761361e-04
1.341215610801326169e-04
1.341198389407083336e-04
1.341192924204731790e-04
1.341188829886319381e-04
1.341181019004259421e-04
1.341160480624546117e-04
1.341153104966980947e-04
1.341143546954659614e-04
1.341138675019370335e-04
1.341133726627520247e-04
1.341124249372720894e-04
1.341121877594956473e-04
1.341118581011160058e-04
1.341101118954121272e-04
1.341094374033432676e-04
1.341091276736146678e-04
1.341087757744100135e-04
1.341077062142220929e-04
1.341072653140763815e-04
1.341066093247196068e-04
1.341062485906983123e-04
1.341050933936853407e-04
1.341046904546013322e-04
1.341044907118164116e-04
1.341040099148509926e-04
1.341029435463935620e-04
1.341025902271791273e-04
1.341021167378569413e-04
1.341017949868358785e-04
1.341016128820803955e-04
1.341012532131599351e-04
1.341009389044640573e-04
1.341008555357721432e-04
1.341006965681100841e-04
1.341002371572701203e-04
1.341000707677651358e-04
1.340998970659087975e-04
1.340998401258396285e-04
1.340997318662570962e-04
1.340996887685339521e-04
1.340995715128012679e-04
1.340995285350917148e-04
1.340994691313736591e-04
1.340993292882910971e-04
1.340992891612379141e-04
1.340992384760261356e-04
1.340992061750237679e-04
1.340990492248552216e-04
1.340990262371083972e-04
1.340985321944900585e-04
1.340983888367002538e-04
1.340982874058492308e-04
1.340982661202562323e-04
1.340982071731372093e-04
1.340981823340348089e-04
1.340981668447991011e-04
1.340981558613268314e-04
1.340981513561370175e-04
1.340978399855235342e-04
1.340977491176988492e-04
1.340977479955193785e-04
1.340977187064367718e-04
1.340974756984693989e-04
1.340974580348008567e-04
1.340971203332442781e-04
1.340970904579694709e-04
1.340966479417286437e-04
1.340965004111339964e-04
1.340959367428950404e-04
1.340951396891111992e-04
1.340948602939562382e-04
1.340944501940072840e-04
1.340943590966426604e-04
1.340940747832262633e-04
1.340935512613321604e-04
1.340933990734586103e-04
1.340932696890895605e-04
1.340931348254113115e-04
1.340929290512778746e-04
1.340926959160404952e-04
1.340924374892465878e-04
1.340922144287654504e-04
1.340914380218224272e-04
1.340911075734792593e-04
1.340902009331640810e-04
1.340898216024738769e-04
1.340895786576106483e-04
1.340892718579663107e-04
1.340883353701321178e-04
1.340879815357736034e-04
1.340857083260796356e-04
1.340850287124586678e-04
1.340842790785616643e-04
1.340838566722075205e-04
1.340835177527955626e-04
1.340832508741930662e-04
1.340829633761161531e-04
1.340822908479959369e-04
1.340814496301397942e-04
1.340811871290806289e-04
1.340808789704434577e-04
1.340795420981098925e-04
1.340787020508281836e-04
1.340782567961830722e-04
1.340779591331547047e-04
1.340776349087054414e-04
1.340774405138568345e-04
1.340769582355186111e-04
1.340759093628486869e-04
1.340748141932494733e-04
1.340746166865547178e-04
1.340742231161305015e-04
1.340738225668147536e-04
1.340730396090303723e-04
1.340722601705570001e-04
1.340716908768301214e-04
1.340713310361782169e-04
1.340707979753747651e-04
1.340705214212694924e-04
1.340694913608615378e-04
1.340690919613949132e-04
1.340684610460052652e-04
1.340680698773036414e-04
1.340678151643828015e-04
1.340673634411522572e-04
1.340666968217012656e-04
1.340657318223676504e-04
1.340644470847728855e-04
1.340639632002016391e-04
1.340635508296575689e-04
1.340628559463038301e-04
1.340622579331728179e-04
1.340618282838985974e-04
1.340612718428953241e-04
1.340605127509985890e-04
1.340598009958060988e-04
1.340593668952845378e-04
1.340589366650163242e-04
1.340583130096848722e-04
1.340571104549320464e-04
1.340566782474967862e-04
1.340560470896032317e-04
1.340552390326995344e-04
1.340545648752517046e-04
1.340538393482520064e-04
1.340533175715959179e-04
1.340527007850565949e-04
1.340521741772238151e-04
1.340516323822998944e-04
1.340510774363860196e-04
1.340496632770505150e-04
1.340490379884578284e-04
1.340482688316296746e-04
1.340474609887779250e-04
1.340469058776506668e-04
1.340462028106538203e-04
1.340453596590643391e-04
1.340446229215794911e-04
1.340439427755876908e-04
1.340427746534008215e-04
1.340421354722379080e-04
1.340413529119217179e-04
1.340406215415088911e-04
1.340396113798503056e-04
1.340385671102236427e-04
1.340378305351240366e-04
1.340370718511155429e-04
1.340357780441794986e-04
1.340348137959322238e-04
1.340334407333498086e-04
1.340326218686993239e-04
1.340319730370845589e-04
1.340306380878144004e-04
1.340291818082091401e-04
1.340282275892655333e-04
1.340271222253055562e-04
1.340258095471227157e-04
1.340242755875310700e-04
1.340232111635115768e-04
1.340220159216434239e-04
1.340210822082526392e-04
1.340195815097012372e-04
1.340175018877342813e-04
1.340159436280702375e-04
1.340149097277995290e-04
1.340133482563987818e-04
1.340119370425481163e-04
1.340111591125342798e-04
1.340099018615920632e-04
1.340083006471226438e-04
1.340070398677157160e-04
1.340059407055419751e-04
1.340045383637317004e-04
1.340030618965911758e-04
1.340015181193043978e-04
1.340005867075801473e-04
1.339997180831411421e-04
1.339988844018666554e-04
1.339968903985458242e-04
