1.364937380075521708e-05
5.660458007647973990e-04
1.123258333929215685e-03
1.683681604560552034e-03
2.242499506458430110e-03
2.810146936390329336e-03
3.376991681955500077e-03
3.940625690053755140e-03
4.512286541819297662e-03
5.083947393584843655e-03
5.658818982817302723e-03
6.240112046983599219e-03
6.832642692284102322e-03
7.404303544049647447e-03
7.982385870749031734e-03
8.566086988015517156e-03
9.138550524147798573e-03
9.715027482113725021e-03
1.028588564951254253e-02
1.087440287297941101e-02
1.144205030291131284e-02
1.202815947327798458e-02
1.261105790617774586e-02
1.317388922990927851e-02
1.375678766280903458e-02
1.433486998950841973e-02
1.490332010380704397e-02
1.548059974613969110e-02
1.605386596663869320e-02
1.661589460600348955e-02
1.720039840763670780e-02
1.776965120630205966e-02
1.835254963920181226e-02
1.893785612520175118e-02
1.950630623950037543e-02
2.009562614733395244e-02
2.066006283979892819e-02
2.122369684789717631e-02
2.178973890909561076e-02
2.235578097029403480e-02
2.293707403446031481e-02
2.349829998945836967e-02
2.405872326008969692e-02
2.461914653072103110e-02
2.519080738248657275e-02
2.576487628735229379e-02
2.632690492671707280e-02
2.690739530651662867e-02
2.744775146797971341e-02
2.801941231974524812e-02
2.858224364347677557e-02
2.916193133890962463e-02
2.974884319364304308e-02
3.031970136104188140e-02
3.089778368774126829e-02
3.149031433304179395e-02
3.207000202847463260e-02
3.265771656757478908e-02
3.327834116571083689e-02
3.384197517380910236e-02
3.443932192531000414e-02
3.504630088921166509e-02
3.564605569381275318e-02
3.627149639814916671e-02
3.687927804641755875e-02
3.750070532892033764e-02
3.812052724268968212e-02
3.873071694405825355e-02
3.936659254516214346e-02
3.997919029963090815e-02
4.060784174143425296e-02
4.125334955493891592e-02
4.190126542154377909e-02
4.254757591941516620e-02
4.320994010462115426e-02
4.384180228389141648e-02
4.450817989093103916e-02
4.516412260120317851e-02
4.581364383654146916e-02
4.646717849371343606e-02
4.709984335735040162e-02
4.776140485818967246e-02
4.840049119676048672e-02
4.907088222563375096e-02
4.973725983267338058e-02
5.038838643674514034e-02
5.103469693461652745e-02
5.168421816995482504e-02
5.232009377105870107e-02
5.298406332499813742e-02
5.362957113850280733e-02
5.427186821454055288e-02
5.491817871241194693e-02
5.556208115718314772e-02
5.619715407392030654e-02
5.683945114995798964e-02
5.746328648556092711e-02
5.809514866483111301e-02
5.874707795326952753e-02
5.936288644520512636e-02
5.999956473067568491e-02
6.062821617247891870e-02
6.123680050511397244e-02
6.186705731565068922e-02
6.248687922941997819e-02
6.310188503698882512e-02
6.373615526935916265e-02
6.437524160792992833e-02
6.501593331523412844e-02
6.565341428507145971e-02
6.628367109560817649e-02
6.692516548727914238e-02
6.754338203231494142e-02
6.816079589298398855e-02
6.876616948815213182e-02
6.937716187388731637e-02
6.995363883185315435e-02
7.058148758928969868e-02
7.114993770358828129e-02
7.174246834888875490e-02
7.233419630982250437e-02
7.291308132088855642e-02
7.348955827885442216e-02
7.408610234598850264e-02
7.467863299128893462e-02
7.526955826785594605e-02
7.585406206948908103e-02
7.642813097435478820e-02
7.698213277005223898e-02
7.750161913798028768e-02
7.804036993070985473e-02
7.857430461723903525e-02
7.912429299110280978e-02
7.965341157143164541e-02
8.018493820486063961e-02
8.069479236038794301e-02
8.122150288761660619e-02
8.172975167441048905e-02
8.221953872076960546e-02
8.271494455769581866e-02
8.324727387549157864e-02
8.373304750001701879e-02
8.425975802724566810e-02
8.483382693211133363e-02
8.538140725287490795e-02
8.596992447634171919e-02
8.653115043133970119e-02
8.714535355454183785e-02
8.774029225294244227e-02
8.832720410767573582e-02
8.886836295350553083e-02
8.946731507373979764e-02
9.003817324113855269e-02
9.058575356190216865e-02
9.109239697996260321e-02
9.163516119452580488e-02
9.223170526165994088e-02
9.280416879779218586e-02
9.339108065252553492e-02
9.390575091425322485e-02
9.443968560078243313e-02
9.500572766198080166e-02
9.556133482641175625e-02
9.611533662210917928e-02
9.676325248871396612e-02
9.727390932860803530e-02
9.787045339574210190e-02
9.839395318550375746e-02
9.896481135290252640e-02
9.952603730790057779e-02
1.000736176286642076e-01
1.006252113712614721e-01
1.011318547893219066e-01
1.016778297413521298e-01
1.021828677906790189e-01
1.027673715923121955e-01
1.033390324440776609e-01
1.038729671306068553e-01
1.044398118761719618e-01
1.050307371527389178e-01
1.055229322521981788e-01
1.060833555228293951e-01
1.065916043096232918e-01
1.071793188487233373e-01
1.076538548921146254e-01
1.082022378972449794e-01
1.086663390438687565e-01
1.091585341433280315e-01
1.097318003638269729e-01
1.103082773217927831e-01
1.108590683800233234e-01
1.113328017390478736e-01
1.118884089034787727e-01
1.123966576902726694e-01
1.129691212264049838e-01
1.135375713407036774e-01
1.141381288296715313e-01
1.146014272919285842e-01
1.152204465213311907e-01
1.156917718272555684e-01
1.162610246259209446e-01
1.167764975720154974e-01
1.173337101051799003e-01
1.179567427564161136e-01
1.185532868235503468e-01
1.191137100941817711e-01
1.195826273470060042e-01
1.201663284642725260e-01
1.206601289324654436e-01
1.212317897842309783e-01
1.219423150314407206e-01
1.225500966797090641e-01
1.230350676198679605e-01
1.235352895629945741e-01
1.241583222142308152e-01
1.247693145999661385e-01
1.252655231212590758e-01
1.258700940320604811e-01
1.263341951786842998e-01
1.269813083609223625e-01
1.276035383277918933e-01
1.282434273507293832e-01
1.288439848396973064e-01
1.293474175202908305e-01
1.301406192572737708e-01
1.306649217314021505e-01
1.312943758575722264e-01
1.317761360602640874e-01
1.322867929001582121e-01
1.329331033980296062e-01
1.336219561673376299e-01
1.341920116503697580e-01
1.346376510565587825e-01
1.352237602269255323e-01
1.360811767132466266e-01
1.366375865620444163e-01
1.372935292723165279e-01
1.378692035459156973e-01
1.385066845157530979e-01
1.391000178454203096e-01
1.397760276648607469e-01
1.402529717613521798e-01
1.409691157991291299e-01
1.414621135829551291e-01
1.419807972665165785e-01
1.427290486789626889e-01
1.433175659024295556e-01
1.440529743650078853e-01
1.445828956297035006e-01
1.451449242690683872e-01
1.457181904895673286e-01
1.463524607219378604e-01
1.467643873847240266e-01
1.474131059356955931e-01
1.481902539853438283e-01
1.487370316217408173e-01
1.493857501727123838e-01
1.500111908770488389e-01
1.505748248851470072e-01
1.510951139374419327e-01
1.516723935797746614e-01
1.522665295938085694e-01
1.528823380857441405e-01
1.535053707369803955e-01
1.542447926213924014e-01
1.548493635321938622e-01
1.555197545610671195e-01
1.559750261796567228e-01
1.564872883882842403e-01
1.570870431928853006e-01
1.578320838678643201e-01
1.583900990853954471e-01
1.588654378131535705e-01
1.593656597562804200e-01
1.600368534695201794e-01
1.605948686870513897e-01
1.612797080345258482e-01
1.620335782375388611e-01
1.626100551955048656e-01
1.630420489674597462e-01
1.637437446866353008e-01
1.642279129424273898e-01
1.649970341484083003e-01
1.654426735545974081e-01
1.661146699522041137e-01
1.665217805087901015e-01
1.670356480861512061e-01
1.677694511799961707e-01
1.682945563384913579e-01
1.687121017918448707e-01
1.692733277468430331e-01
1.699429160913495385e-01
1.704591917218108987e-01
1.710164042549752739e-01
1.715760248412399880e-01
1.720770494687333674e-01
1.726864364857353951e-01
1.732621107593344534e-01
1.740320346496821158e-01
1.747072417847558012e-01
1.754314126661999373e-01
1.761660184444116817e-01
1.767232309775760568e-01
1.770781670503248084e-01
1.776658815894248400e-01
1.782616229721924739e-01
1.788782341484946858e-01
1.794442762096931099e-01
1.798770726660145758e-01
1.803668597123738171e-01
1.809931031010769131e-01
1.815117867846382516e-01
1.821572945981429492e-01
1.826077501105323464e-01
1.833343290450765994e-01
1.839380972715114193e-01
1.844832695391748767e-01
1.850428901254398129e-01
1.856811737796437156e-01
1.863314976993486749e-01
1.867289760435340562e-01
1.873118744764338539e-01
1.880199916705433127e-01
1.885964686285092895e-01
1.892411737576471520e-01
1.897068802730043635e-01
1.902095102692313022e-01
1.906792302064222178e-01
1.913006574889251077e-01
1.918530539158892212e-01
1.922617698412087683e-01
1.928567085396094560e-01
1.936266324299570629e-01
1.941846476474881900e-01
1.947266091776849450e-01
1.952589384954805385e-01
1.958201644504785344e-01
1.963773769836430760e-01
1.969554593103424733e-01
1.976539442920512701e-01
1.984615943476353284e-01
1.989473679721607824e-01
1.994997643991247849e-01
2.002688856051057786e-01
2.007426189641303149e-01
2.014443146833059528e-01
2.018843352989279638e-01
2.026430216081414604e-01
2.032732784186781771e-01
2.039813956127877748e-01
2.045233571429843356e-01
2.050677267262810688e-01
2.058023325044928964e-01
2.063338591379217657e-01
2.068565562433168081e-01
2.074932345287874291e-01
2.079139907196078940e-01
2.083516032821296771e-01
2.090059406236682293e-01
2.097084390272106746e-01
2.103539468407152890e-01
2.108886842116113047e-01
2.113905115234714638e-01
2.120263871245753884e-01
2.126205231386094074e-01
2.130982699194676477e-01
2.138232434852787300e-01
2.143355056939063030e-01
2.146824149229876189e-01
2.151641751256795354e-01
2.157783782488817692e-01
2.164648229650895928e-01
2.169289241117135225e-01
2.174443970578079921e-01
2.179831478505376563e-01
2.184560785251956072e-01
2.189217850405529020e-01
2.194276257742466818e-01
2.202128006675622141e-01
2.208454655311992421e-01
2.214219424891653298e-01
2.219085187980574525e-01
2.224207810066851088e-01
2.228535774630067134e-01
2.232253699074568110e-01
2.238845233551956249e-01
2.244385251508931034e-01
2.249323256190858544e-01
2.255826495387907860e-01
2.263196633701023142e-01
2.268873108000343253e-01
2.274710119173010692e-01
2.280627398782344439e-01
2.285822262461628951e-01
2.291835864194972372e-01
2.296910325219242988e-01
2.300740625475085066e-01
2.305807059655694824e-01
2.309974487345561323e-01
2.315466344240532937e-01
2.324032482260083299e-01
2.330696258330476056e-01
2.335778746198415856e-01
2.342306065926464120e-01
2.346794567363027773e-01
2.352527229568018297e-01
2.355771570236148416e-01
2.360436662233385552e-01
2.367846934764843425e-01
2.371950147705372547e-01
2.377401870382008231e-01
2.383953270641060440e-01
2.389437100692370641e-01
2.393130944605867116e-01
2.396624117427683665e-01
2.402573504411686378e-01
2.409646649509124272e-01
2.413260224985946667e-01
2.418439034977894753e-01
2.423080046444130164e-01
2.428884950242128915e-01
2.432811572621982610e-01
2.439603778191055117e-01
2.447014050722508827e-01
2.451430310566063420e-01
2.455806436191289299e-01
2.460904977746559419e-01
2.465489801307127748e-01
2.468886652004939619e-01
2.476329031911061740e-01
2.482438955768418998e-01
2.486847188768305239e-01
2.491271475455528184e-01
2.498994794890008198e-01
2.506196369486112796e-01
2.512828038181841306e-01
2.519796834311592293e-01
2.524847214804867290e-01
2.528436709750687128e-01
2.533864351896321643e-01
2.538176262772209868e-01
2.543587851230501573e-01
2.548871010190122410e-01
2.552757498351635457e-01
2.558803207459656170e-01
2.565507117748385690e-01
2.571633095293077154e-01
2.577751045994093881e-01
2.581332514096248976e-01
2.587819699605965473e-01
2.592741650600560166e-01
2.598072970622183342e-01
2.602425015716400836e-01
2.610822590018930800e-01
2.616579332754922493e-01
2.621902625932880926e-01
2.626270724714435678e-01
2.630855548275001232e-01
2.635022975964868008e-01
2.641999798938293731e-01
2.647387306865587875e-01
2.654950089426714732e-01
2.661605838653441913e-01
2.666383306462025149e-01
2.669780157159836187e-01
2.674059960661053781e-01
2.677785911949213116e-01
2.683430278873861208e-01
2.690037867038596042e-01
2.694574529537153151e-01
2.701471084073899243e-01
2.708576336545997498e-01
2.712687576330193306e-01
2.717802171572806791e-01
2.722571612537721397e-01
2.730551790969549253e-01
2.736364721611214135e-01
2.741318779980478904e-01
2.744522986430271705e-01
2.750014843325237490e-01
2.755394324408868556e-01
2.763029348563005860e-01
2.768184078023951389e-01
2.773202351142559086e-01
2.776342342843010624e-01
2.779963945163499983e-01
2.784701278753747289e-01
2.788475391103922840e-01
2.792369906109106736e-01
2.798889198993487759e-01
2.805215847629854986e-01
2.812240831665279162e-01
2.819602943134730255e-01
2.823385082328571660e-01
2.828475597040184808e-01
2.831567427678634008e-01
2.838054613188344399e-01
2.844284939700707504e-01
2.853067802499280048e-01
2.858720196267594549e-01
2.865367881254986537e-01
