1.364937380075521708e-05
2.077101652115908616e-03
4.164634461432941727e-03
6.300328332753724753e-03
8.446457100841995441e-03
1.058054560342933971e-02
1.271623947475014269e-02
1.484711723987056781e-02
1.697157353005714076e-02
1.910245129517754159e-02
2.122369684789717631e-02
2.332888871328220315e-02
2.541882957569940177e-02
2.750796775374983461e-02
2.963322672830315599e-02
3.178176354949167892e-02
3.394956479548168898e-02
3.620004253124483456e-02
3.849225985407792733e-02
4.080213623297904157e-02
4.320994010462115426e-02
4.562015202936343244e-02
4.800869147620400595e-02
5.045502419744909983e-02
5.285399854105712891e-02
5.524735409409812364e-02
5.759254858513521841e-02
5.993694039180538086e-02
6.222755234590469919e-02
6.455589046524029539e-02
6.692516548727914238e-02
6.918367006670929353e-02
7.138518405610168316e-02
7.354736651152435356e-02
7.574326171034960475e-02
7.779868714499724169e-02
7.975538240253712829e-02
8.169441860400897260e-02
8.354114610330704016e-02
8.554519973848397074e-02
8.774029225294244227e-02
8.988561833666371126e-02
9.183910285673675677e-02
9.395232156578896265e-02
9.600293089423622694e-02
9.813059792188948138e-02
1.001571267193349102e-01
1.021451266671773300e-01
1.042133950516926089e-01
1.062455426397049818e-01
1.082022378972449794e-01
1.101428794674502720e-01
1.120955613031566211e-01
1.142031612216420078e-01
1.161606591635488822e-01
1.182642456602006203e-01
1.202578643986105811e-01
1.224569703349030758e-01
1.244570105482466493e-01
1.264698937114577815e-01
1.288439848396973064e-01
1.311121216315284110e-01
1.332301564467811839e-01
1.353008328843970098e-01
1.376789374344700168e-01
1.399968406570384072e-01
1.420819654132553789e-01
1.445523786655023846e-01
1.465981718877493734e-01
1.489642361723214903e-01
1.510951139374419327e-01
1.533985688414091497e-01
1.556498492615389084e-01
1.578714303600994573e-01
1.599621739068834980e-01
1.623812153596599084e-01
1.644013226821717799e-01
1.664824340165549366e-01
1.685394648199363410e-01
1.706599076882894805e-01
1.726864364857353951e-01
1.751672846347497037e-01
1.773479288306076262e-01
1.794860307550284750e-01
1.813640629446292285e-01
1.835422990873866733e-01
1.858240815134523383e-01
1.879429190130718630e-01
1.899582102293834174e-01
1.920136356640313458e-01
1.941846476474881900e-01
1.961710422265973142e-01
1.986245991071430572e-01
2.008028352499004465e-01
2.031464243722041207e-01
2.054225880077027167e-01
2.076008241504599672e-01
2.096217341573384241e-01
2.116426441642169920e-01
2.140022869738557598e-01
2.157783782488817692e-01
2.178948076954011215e-01
2.197270868760983764e-01
2.219591028714268111e-01
2.238242921111600614e-01
2.260193846256184358e-01
2.281181550160696625e-01
2.300483616895077077e-01
2.320700743807530830e-01
2.343976098157228849e-01
2.360436662233385552e-01
2.382307318941302710e-01
2.399514379478525916e-01
2.418720124088904744e-01
2.438399452475653317e-01
2.458046673487732092e-01
2.477750082405480725e-01
2.498296309908300539e-01
2.522783717651754798e-01
2.540223556655328840e-01
2.558803207459656170e-01
2.580433058857549145e-01
2.599245488128225090e-01
2.622135553981886358e-01
2.641212869093588211e-01
2.664335713413593099e-01
2.678942076602610634e-01
2.700748518561188471e-01
2.720740893850964182e-01
2.742410879467194751e-01
2.763029348563005860e-01
2.778253778714404598e-01
2.794401295887549153e-01
2.819980354369747699e-01
2.836280381572564013e-01
2.862822661294847082e-01
2.877420997640197653e-01
2.898737802135066821e-01
2.917734848810097370e-01
2.937960002566211704e-01
2.958048699979987095e-01
2.977655786773732438e-01
2.995063518402629743e-01
3.011620404602797230e-01
3.032696403787648598e-01
3.048803786742462774e-01
3.065882417780998459e-01
3.087199222275867072e-01
3.102239035022922309e-01
3.121741772848976026e-01
3.142416429850473647e-01
3.162778039948931363e-01
3.182593824678017214e-01
3.201968133005403949e-01
3.217770495900859617e-01
3.236534764109529339e-01
3.251044805174533869e-01
3.275668669260334842e-01
3.294416883781670080e-01
3.311286816884875250e-01
3.329457098662166881e-01
3.346054119080661970e-01
3.365853850122416113e-01
3.385003406827122863e-01
3.402820507483055312e-01
3.421673070972078845e-01
3.438839997290958350e-01
3.458334708273352320e-01
3.478872908932504893e-01
3.492251165040414773e-01
3.510734493720746308e-01
3.532853982582354058e-01
3.547693124237714657e-01
3.569411270915952561e-01
3.587115995760551401e-01
3.602340425911937927e-01
3.624684666396233990e-01
3.642148585930808369e-01
3.659163002220015559e-01
3.674515861870080169e-01
3.695808585833954552e-01
3.712774841061156073e-01
3.730126384784381299e-01
3.744459835288704852e-01
3.765672290815910705e-01
3.783665982032524133e-01
3.803208854076927103e-01
3.813914171243636964e-01
3.830751996972157625e-01
3.849299540401813213e-01
3.867245070556430409e-01
3.878046709847139950e-01
3.896682548557129366e-01
3.906175812330083263e-01
3.923117987026284448e-01
3.942805342256704981e-01
3.956031088334939771e-01
3.971247491642662109e-01
3.988510740085547956e-01
3.999737802090631011e-01
4.014568916902340190e-01
4.026654851179827244e-01
4.045900730008521462e-01
4.055161215315117862e-01
4.073307416561407490e-01
4.082664223992017449e-01
4.094597648239814980e-01
4.109332440927510599e-01
4.120045784937890199e-01
4.134499638097219321e-01
4.143230351721765570e-01
4.151808555316643390e-01
4.160338597849517206e-01
4.165818439788809280e-01
4.173898979076309801e-01
4.185679893294436127e-01
4.192540352344504839e-01
4.211055788399492017e-01
4.219770448336701563e-01
4.226341941014752357e-01
4.236316815407736303e-01
4.242286294810736491e-01
4.248295908432077050e-01
4.272301705555494600e-01
4.288160256356610134e-01
4.294675561128990515e-01
4.299994866194946641e-01
4.306189097220631812e-01
4.312399381933650355e-01
4.325408403232867127e-01
4.331129050482183107e-01
4.336865751418834680e-01
4.342393754420136864e-01
4.347648844736748952e-01
4.352807612929354142e-01
4.358086783776966566e-01
4.363060934565221038e-01
4.370844480637036678e-01
4.381742442051766995e-01
4.386291170125656280e-01
4.389403093183104065e-01
4.392314345148869981e-01
4.395602858766998744e-01
4.397229815746004356e-01
4.398744396913668031e-01
4.406375432955787486e-01
4.415459327701697911e-01
4.425594738968040565e-01
4.436380324571433942e-01
4.448265587757252448e-01
4.461403038555183942e-01
4.474965912067453422e-01
4.488400356081052589e-01
4.502789994491062653e-01
4.517340169774424763e-01
4.534828169839988377e-01
4.554226558698454830e-01
4.572284464664416737e-01
4.594147094528658881e-01
4.612606342678047255e-01
4.633232838617549754e-01
4.656050662878192803e-01
4.678154098052549337e-01
4.696412675110160362e-01
4.714366232108452848e-01
4.734880352236655598e-01
4.757039975316579294e-01
4.777265129072771344e-01
4.798260859820958624e-01
4.826223890872354261e-01
4.860070598331909797e-01
4.884445630264022675e-01
4.911854809102431108e-01
4.936358270533188763e-01
4.959994832848007573e-01
4.985228737052480041e-01
5.011449943028075671e-01
5.035295203278228326e-01
5.060296329016346073e-01
5.089736299302609623e-01
5.118237128879671305e-01
5.145437609782662625e-01
5.174628747915247517e-01
5.207905549474352025e-01
5.233781601172315945e-01
5.266488496831058796e-01
5.298095714907408160e-01
5.329686879296497981e-01
5.362193103863539534e-01
5.394522737870013351e-01
5.425038305207610101e-01
5.451965873425902442e-01
5.483195829849953906e-01
5.512226431109100711e-01
5.546177487536264605e-01
5.581950637476009724e-01
5.619915115736827671e-01
5.651859461247195071e-01
5.684333578439713097e-01
5.717465896812788939e-01
5.753022321973466635e-01
5.786724546247054013e-01
5.823019441025042431e-01
5.862557180644751842e-01
5.901268155366674595e-01
5.937627264894015378e-01
5.972782347871373743e-01
6.011116060940916439e-01
6.048639062800036381e-01
6.085865071443543606e-01
6.122352610469620204e-01
6.162299719116254293e-01
6.200874237495894725e-01
6.235475468260128773e-01
6.271377047698446505e-01
6.308257902064272615e-01
6.347875910120615028e-01
6.385872495756067524e-01
6.422745323278244989e-01
6.460677694164440599e-01
6.499781984225987408e-01
6.538460851573270061e-01
6.577171826295199475e-01
6.621493564740511539e-01
6.660902874861464040e-01
6.701885446341271368e-01
6.738493388022402941e-01
6.779219100504724205e-01
6.818411685846699211e-01
6.856825667352938192e-01
6.896853044436296321e-01
6.937626917980651564e-01
6.977116496538360302e-01
7.018452249139446320e-01
7.058182633007117346e-01
7.101019405373959481e-01
7.141769198387428741e-01
7.182189890810453115e-01
7.225460112735382356e-01
7.267943703980865866e-01
7.308003188438951803e-01
7.350631262870475080e-01
7.392448626091654429e-01
7.434691412027111257e-01
7.475593715070202316e-01
7.514296662948468652e-01
7.555391610239569067e-01
7.596839738652029217e-01
7.638785531371793391e-01
7.678234975711081267e-01
7.720333278460622672e-01
7.761701138436417624e-01
7.802009455048131148e-01
7.843072294964492652e-01
7.881863538123048407e-01
7.924692283646336266e-01
7.965867499374081895e-01
8.008575842242307008e-01
8.050337017557790409e-01
8.090677441544098514e-01
8.132767717449919109e-01
8.172562316066960264e-01
8.213095384301341007e-01
8.253564237786380486e-01
8.294354165018132941e-01
8.335063823813185779e-01
8.377571495589667405e-01
8.418313261759375887e-01
8.459777443859215484e-01
8.500182082594927024e-01
8.544030237263877670e-01
8.585285721428348449e-01
8.625489689072327604e-01
8.665894327807990294e-01
8.709236791325919436e-01
8.749039416786615897e-01
8.791876189153500221e-01
8.834544397803372195e-01
8.876506244210549124e-01
8.917488815690263193e-01
8.959201829943710393e-01
9.001075381070566817e-01
9.044209146653074960e-01
9.086299422558953287e-01
9.128116785779979425e-01
9.169950202688492702e-01
9.212152854405608604e-01
9.251562164526434540e-01
9.294166158427040747e-01
9.334940031971303842e-01
9.377222952125181532e-01
9.417764047203155409e-01
9.459934591545585691e-01
9.502466343853184227e-01
9.544901774036612663e-01
9.589681042570933345e-01
9.632188714347521552e-01
9.672521111490044454e-01
9.713102340786359257e-01
9.753113664182541109e-01
9.792498893772345614e-01
9.835415934575811869e-01
9.878084143225768221e-01
9.919291466328057361e-01
9.962039943414565668e-01
1.000070275707452438e+00
1.004125187899605587e+00
1.008009128321661008e+00
1.012102569363429350e+00
1.016315610375860823e+00
1.020405037995788078e+00
1.024795472253241746e+00
1.028961154888024199e+00
1.033196671062705851e+00
1.037166498712000839e+00
1.041322549134372943e+00
1.045304417049174983e+00
1.049467691630841859e+00
1.053462402495504380e+00
1.057382463714062304e+00
1.061512828236709449e+00
1.065682524293313227e+00
1.069901184096295532e+00
1.073513817202392584e+00
1.077619298509671752e+00
1.081623641586728413e+00
1.085667316197768795e+00
1.089777613611232709e+00
1.093566837278012294e+00
1.097708439381798851e+00
1.101671042871787964e+00
1.106120875772381273e+00
1.109929363863960905e+00
1.113948155259633754e+00
1.118096178838337229e+00
1.122284336635386071e+00
1.126373764255319321e+00
1.130417438866355484e+00
1.134114353830968813e+00
1.138036823102613004e+00
1.141907117890436973e+00
1.146041495834907220e+00
1.149892526197925813e+00
1.153643221015108633e+00
1.157676460729387902e+00
1.161731372921542160e+00
1.165441933520384499e+00
1.169358784001471419e+00
1.173440184777740480e+00
1.177258305081732903e+00
1.181143850872526269e+00
1.185221238226959573e+00
1.189160563870306220e+00
1.193347918982983424e+00
1.197388382856563238e+00
1.201410384989697100e+00
1.205390647535747650e+00
1.208997661851285432e+00
1.213052574043448129e+00
1.217092235232642317e+00
1.220915974327196007e+00
1.224293420913850072e+00
1.227415613871884359e+00
1.231215272435423058e+00
1.235364901382872915e+00
1.239109174725115503e+00
1.242577324645198766e+00
1.246500596601219257e+00
1.250795511419050099e+00
1.254737245115497890e+00
1.258758444564272549e+00
1.262623923245889124e+00
1.266637095850983386e+00
1.270221635004246341e+00
1.274340761945763401e+00
1.278414938562730585e+00
1.282470653439265584e+00
1.286332921383415817e+00
1.289937527645848236e+00
1.293815849277334840e+00
1.297480656867273652e+00
1.301408744929504424e+00
1.305311949776367220e+00
1.309146926452036785e+00
1.312713003864872219e+00
1.316769521425771972e+00
1.320287437776596740e+00
1.324217933891923549e+00
1.327687689180745867e+00
1.331574840340272736e+00
1.335089545953643153e+00
1.338966262216383374e+00
1.342801238892074034e+00
1.346648255833259977e+00
1.350514537199244636e+00
1.354147237414511595e+00
1.358239875771915628e+00
1.361877392093386430e+00
1.365676247972578583e+00
1.369472695798652273e+00
1.373232216404302708e+00
