7.905032913401756345e-03
7.615633861382972020e-03
7.349860783650565173e-03
7.099959718696673659e-03
6.861627955293045540e-03
6.632850640797828892e-03
6.412716743660953726e-03
6.200440108956524130e-03
5.995436163830982455e-03
5.797213886890331853e-03
5.605415376764207383e-03
5.419786607501743576e-03
5.239831842366582219e-03
5.065341518552307978e-03
4.896299791858116195e-03
4.732315918237153807e-03
4.573411600118042382e-03
4.419342953537338213e-03
4.269891057273957763e-03
4.124939227631139842e-03
3.984316714360095282e-03
3.847941331062536448e-03
3.715621187279373114e-03
3.587445423066544774e-03
3.463203965636238273e-03
3.342780892670141855e-03
3.226240567007930202e-03
3.113275653891643940e-03
3.003897808240449992e-03
2.898040905093382351e-03
2.795502847095115463e-03
2.696375821959032075e-03
2.600459676170618472e-03
2.507653336176492338e-03
2.417883545830845811e-03
2.331133816720423052e-03
2.247323320913054666e-03
2.166302436255458999e-03
2.088010361154904980e-03
2.012363792818659333e-03
1.939387285713612373e-03
1.868911222119601801e-03
1.800948682398123817e-03
1.735407070353942732e-03
1.672139842058615548e-03
1.611157069647342578e-03
1.552372283382060436e-03
1.495586747375192687e-03
1.440750965469855078e-03
1.387851322784146475e-03
1.336884615201982011e-03
1.287725820952017068e-03
1.240366931700691766e-03
1.194700351229626475e-03
1.150709118598282430e-03
1.108322160701621624e-03
1.067470887182610630e-03
1.028116266392147416e-03
9.901866474743763018e-04
9.536184598984165936e-04
9.184333861708387624e-04
8.844717110442156492e-04
8.516657111236442760e-04
8.200141919540565854e-04
7.895599254623027197e-04
7.601934144064063708e-04
7.318316795409964513e-04
7.044930598145201367e-04
6.781045994306407693e-04
6.526293683551038539e-04
6.280630972713672783e-04
6.043677125014331472e-04
5.814938228314212552e-04
5.594454790642365170e-04
5.381602470866983078e-04
5.176383692359270506e-04
4.978502155096375731e-04
4.787821960288772376e-04
4.604258241877993724e-04
4.427412831235067034e-04
4.256831645740913306e-04
4.092367346792781307e-04
3.933860412539305737e-04
3.781116015352254246e-04
3.633748862298827407e-04
3.491616068990307728e-04
3.354746189135971238e-04
3.222965387256675565e-04
3.096009547638626331e-04
2.973764189498497674e-04
2.855932488544739756e-04
2.742759689151088296e-04
2.633898828203328369e-04
2.529257240767682517e-04
2.428674917005161770e-04
2.332102707547117806e-04
2.239296575428425390e-04
2.150093710136602248e-04
2.064583737077456784e-04
1.982590622309341377e-04
1.903909031015452592e-04
1.828318775353575290e-04
1.755845276630213546e-04
1.686496702663417145e-04
1.620034386148923452e-04
1.556469307398899516e-04
1.495768009550395490e-04
1.437803085993894056e-04
1.382569524604421261e-04
1.329721281431833204e-04
1.279231083997455344e-04
1.231205743188643032e-04
1.185515850063581451e-04
1.141995661481077194e-04
1.100480056591851032e-04
1.060970285709152979e-04
1.023457910784355971e-04
9.878683037824122389e-05
9.541103918076713607e-05
9.221199605171749374e-05
8.918581252678909070e-05
8.633521490058741646e-05
8.365422963568169498e-05
8.113857118723426470e-05
7.878279844739758688e-05
7.658391477725541867e-05
7.453479982594228147e-05
7.262765867736691602e-05
7.085625919639733741e-05
6.920900644707455782e-05
6.768544372109917026e-05
6.627616186461840237e-05
6.497408033375283855e-05
6.377822566908113069e-05
6.268331821836785778e-05
6.169028210610815475e-05
6.078632733928173543e-05
5.995801198557648958e-05
5.919216630087981043e-05
5.848468540307028235e-05
5.783240445481771194e-05
5.723258971712455592e-05
5.668179603727380584e-05
5.616483817483406348e-05
5.568825035012971186e-05
5.523917629551419528e-05
5.481302405975507514e-05
5.439786581190746059e-05
5.399954288409529923e-05
5.361701648154752981e-05
5.324566277425307802e-05
5.288521864370380196e-05
5.254134125394231740e-05
5.220650453546543684e-05
5.188718195778016886e-05
5.157458659824349474e-05
5.127175468304782279e-05
5.097811889651872785e-05
5.069254678598685796e-05
5.041664036390000830e-05
5.015149283711218631e-05
4.989184888220423559e-05
4.963960246499635843e-05
4.939380308554376436e-05
4.915228284595364881e-05
4.891816006147321207e-05
4.868979421746467019e-05
4.846883842332088674e-05
4.825013676938076732e-05
4.803949675821530396e-05
4.783117082870180071e-05
4.762977088494991010e-05
4.743379261775835832e-05
4.724101579391541445e-05
4.705520049476398221e-05
4.687027423259733410e-05
4.668898411560447553e-05
4.651368040524055212e-05
4.634279971382807516e-05
4.617620528959962326e-05
4.601558529538041865e-05
4.585766952271071476e-05
4.570423969366254339e-05
4.555269001569331255e-05
4.540617813625734406e-05
4.526184323474170861e-05
4.512066685991337426e-05
4.498316118635164605e-05
4.484646774727222705e-05
4.471184920891423402e-05
4.458130888089598424e-05
4.445451947140126341e-05
4.432947789156218091e-05
4.420651029433510449e-05
4.408613140419467233e-05
4.396769063406064982e-05
4.385090752303276494e-05
4.373668335274312127e-05
4.362358557577952875e-05
4.351365410483807152e-05
4.340424132671170634e-05
4.329936145254430712e-05
4.319456884321162306e-05
4.308964496275461081e-05
4.298983500582702631e-05
4.289100861392215676e-05
4.279660162710622852e-05
4.270194778481536908e-05
4.260988645069190125e-05
4.251562424856971507e-05
4.242171136663972658e-05
4.233303591626950692e-05
4.224860370955908203e-05
4.216421061995529216e-05
4.208029317230962052e-05
4.199720450172046688e-05
4.191832004117072369e-05
4.183774119557849103e-05
4.176273456772015217e-05
4.168522909225381209e-05
4.161035479362902231e-05
4.153467678070921204e-05
4.146203668021298188e-05
4.139323673806043116e-05
4.131852719205540486e-05
4.125028425628035188e-05
4.118103483132305151e-05
4.111639833267456115e-05
4.105111362217285861e-05
4.098509496205522245e-05
4.092009276918837600e-05
4.085770948571060447e-05
4.079905213850352997e-05
4.073890237239246112e-05
4.067114662123235780e-05
4.061316678185595039e-05
4.055535639064702908e-05
4.049708809862146509e-05
4.044092196544208018e-05
4.038471205557425106e-05
4.032906611117496507e-05
4.027802010855739353e-05
4.022337966309832080e-05
4.017242639202916180e-05
4.012304382964191024e-05
4.007158953123494873e-05
4.002076288316175269e-05
3.996718493423125751e-05
3.991948535192297399e-05
3.987183769186826936e-05
3.982648118071258563e-05
3.977882340218062403e-05
3.973654316553223271e-05
3.969120147124374423e-05
3.964458631938327129e-05
3.960226471233936732e-05
3.955867403168175639e-05
3.951797091226662864e-05
3.947656651109487713e-05
3.943670922130453462e-05
3.939538022419827520e-05
3.935631275865594266e-05
3.931538638508452348e-05
3.927378373344733009e-05
3.923177820976255181e-05
3.919382018763456103e-05
3.915601314624409885e-05
3.912110356507307590e-05
3.908687741689208359e-05
3.905191869576470830e-05
3.901138581492060977e-05
3.897672912564605698e-05
3.894426026838302264e-05
3.891181910069134079e-05
3.887687390473640938e-05
3.884451729999104704e-05
3.880988102081920645e-05
3.877397410154903243e-05
3.874327675496594777e-05
3.871455947581034789e-05
3.868236565659261044e-05
3.865327380402482652e-05
3.862105310661502743e-05
3.859210505107873594e-05
3.856166681837618358e-05
3.853477174709707593e-05
3.850738651255442051e-05
3.847746241699138736e-05
3.844890354079016247e-05
3.842369688755827484e-05
3.839736487671962335e-05
3.836923662917556872e-05
3.834255497617073180e-05
3.831760343783049229e-05
3.829347703947182915e-05
3.826792838424012159e-05
3.824198726077204417e-05
3.821775646408782532e-05
3.818956790126020742e-05
3.816280952738329709e-05
3.813664189388556733e-05
3.810993856823378375e-05
3.808725939493539823e-05
3.806663624168794699e-05
3.804372108906398342e-05
3.802160415681250338e-05
3.800066293773026686e-05
3.797994484879453766e-05
3.795958975664373531e-05
3.793878394861381750e-05
3.791600017388107235e-05
3.789601229834277531e-05
3.787457313939685352e-05
3.785588170528930788e-05
3.783475121318425911e-05
3.781477874347455244e-05
3.779436752581181080e-05
3.777571673091400888e-05
3.775686047114681834e-05
3.773773456996012444e-05
3.772121956296959884e-05
3.770240452747212692e-05
3.768251468033303678e-05
3.766535258495855689e-05
3.764683420539392242e-05
3.763109870980972102e-05
3.761525093673537154e-05
3.759918363383252937e-05
3.758260024732397285e-05
3.756636123155175015e-05
3.755180854016636514e-05
3.753625859103794740e-05
3.751843746438741694e-05
3.750295319706125431e-05
3.748849251273284468e-05
3.747422130072335263e-05
3.745963888274838309e-05
3.744398259604105918e-05
3.742631807243176635e-05
3.740979511928967794e-05
3.739264924359716764e-05
3.737968147653755664e-05
3.736654567262686293e-05
3.735062977402257015e-05
3.733832185647614359e-05
3.732457839630883841e-05
3.731278878514616558e-05
3.729701377805158123e-05
3.728292172374045017e-05
3.726871225520918111e-05
3.725665774829252185e-05
3.724464148330329603e-05
3.723116825336534496e-05
3.721974160695279258e-05
3.720821264460533412e-05
3.719588490822086957e-05
3.718563255862094538e-05
3.717554971151146781e-05
3.716361569504306834e-05
3.715080533901230327e-05
3.713758905173155967e-05
3.712706740940101047e-05
3.711671534530858424e-05
3.710501459622992336e-05
3.709451442415290061e-05
3.708530609645496740e-05
3.707409147154602683e-05
3.706440898468668958e-05
3.705567533508179201e-05
3.704660503955344253e-05
3.703647759600059192e-05
3.702592401692566274e-05
3.701739732158127019e-05
3.700853109823871312e-05
3.699883347673024026e-05
3.699029340241797870e-05
3.698205110646426790e-05
3.697345208785807538e-05
3.696133873806980758e-05
3.695212554367623874e-05
3.694310814547022164e-05
3.693482431651148900e-05
3.692674182491320243e-05
3.691928432958644930e-05
3.691231011615216741e-05
3.690340091214467120e-05
3.689536612266131391e-05
3.688812070381899987e-05
3.687908953236438211e-05
3.686964768708494305e-05
3.686209341485832122e-05
3.685372523366536597e-05
3.684623361420882144e-05
3.683910747889833733e-05
3.683066315389364693e-05
3.682375129188027998e-05
3.681754926776902752e-05
3.681113565539200015e-05
3.680468609461906072e-05
3.679749112934583758e-05
3.678749963621535441e-05
3.677897447194154062e-05
3.677259421535996779e-05
3.676447300917038823e-05
3.675831874765758428e-05
3.675114162351719521e-05
3.674541251051516164e-05
3.673900897888887580e-05
3.673127776026311803e-05
3.672571375452424593e-05
3.671930446476942800e-05
3.671231284589377976e-05
3.670609688198274624e-05
3.670094290994447742e-05
3.669584130203189877e-05
3.668992192322894795e-05
3.668261894891271761e-05
3.667775438610390646e-05
3.667208723034111838e-05
3.666691570837309197e-05
3.666103118264830800e-05
3.665612600145716845e-05
3.665035015217298639e-05
3.664360183437145678e-05
3.663839662536807785e-05
3.663366578389841703e-05
3.662843911192887491e-05
3.662376782392698924e-05
3.661937669870512314e-05
3.661369374569988075e-05
3.660851238647256484e-05
3.660426156682060897e-05
3.659945820360620803e-05
3.659170368631111422e-05
3.658530170529882892e-05
3.657984534644904008e-05
3.657456396267910693e-05
3.657033558052521149e-05
3.656654013635318772e-05
3.656189040420109923e-05
3.655807175496237564e-05
3.655340108693216108e-05
3.654903134506213062e-05
3.654550653465423761e-05
3.654065540746907282e-05
3.653595292785501424e-05
3.653148092644402698e-05
3.652620480222760839e-05
3.652290158706743452e-05
3.651847648374837032e-05
3.651428714470155367e-05
3.651072563214877024e-05
3.650730778965573611e-05
3.650178958250354814e-05
3.649786780422276848e-05
3.649411512914525117e-05
3.649091998922061934e-05
3.648751167136402907e-05
3.648448744795788429e-05
3.648013097486971972e-05
3.647667552106192713e-05
3.647067527460995981e-05
3.646556993534929881e-05
3.646246469147008826e-05
3.645958884537565568e-05
3.645670756458370415e-05
3.645388995391380408e-05
3.645051782717362207e-05
3.644688038885901971e-05
3.644382934709690120e-05
3.643949171564965094e-05
3.643520443854065345e-05
3.643237140748287959e-05
3.642923523700850838e-05
3.642640870360700227e-05
3.642184129375883539e-05
3.641855550422648318e-05
3.641568526833516891e-05
3.641341021746162819e-05
3.641051323381899513e-05
3.640764814265786987e-05
3.640419917071952114e-05
3.640160201647998759e-05
3.639876664182635599e-05
3.639668037741841509e-05
3.639434091438463069e-05
3.639163533749195125e-05
3.638951208242317755e-05
3.638730958452307226e-05
3.638400239040792228e-05
3.638062721531552021e-05
3.637744189478703906e-05
3.637334940691904623e-05
3.637131794994693710e-05
3.636896985915741629e-05
3.636710090294715012e-05
3.636376513700791460e-05
3.636130915242858475e-05
3.635789541121772393e-05
3.635555157505024164e-05
3.635243771245022921e-05
