7.905032913401756345e-03
6.932116158408967686e-03
6.117580887101761039e-03
5.401540133099682131e-03
4.764702401744842254e-03
4.196849632434352176e-03
3.689666269118532446e-03
3.237723498533697907e-03
2.836120965428483385e-03
2.480381555236928735e-03
2.166302436255458132e-03
1.889791553276696633e-03
1.647475401821266389e-03
1.435376102615629895e-03
1.249701983814143413e-03
1.087699676809744448e-03
9.464709415688659895e-04
8.231264794155976946e-04
7.152997036795632644e-04
6.208675580475044638e-04
5.381602470866984162e-04
4.658607384098502617e-04
4.028259893412000484e-04
3.477691672601204102e-04
2.997857568558997881e-04
2.581048137645006570e-04
2.221148949791542987e-04
1.911634462017021050e-04
1.646273652674117027e-04
1.420980775720362313e-04
1.231205743188643032e-04
1.072624878700371114e-04
9.411112219459128565e-05
8.339608466527489853e-05
7.493347308457656798e-05
6.843444962001396579e-05
6.355220389448577195e-05
6.003761034467824844e-05
5.746478000516094911e-05
5.555160458300157251e-05
5.399954288409529246e-05
5.264356896970421370e-05
5.145341461998104539e-05
5.038996035493912185e-05
4.944262799965458318e-05
4.857867113914619877e-05
4.779099502698420980e-05
4.707348201311427224e-05
4.641119198509526797e-05
4.581127880763818971e-05
4.526184323474170861e-05
4.475162341985685407e-05
4.428067465373374028e-05
4.383836783609678967e-05
4.342553023628117719e-05
4.303955410610815736e-05
4.268327307291752709e-05
4.234243731135990348e-05
4.203126111725648381e-05
4.174091028717895113e-05
4.146203668021296833e-05
4.120115678535790421e-05
4.095939363577785519e-05
4.073287697708166151e-05
4.051045559908898324e-05
4.030357883518726397e-05
4.011348440493080653e-05
3.992391741443784462e-05
3.975326205026971177e-05
3.958808707418773890e-05
3.943670922130452784e-05
3.928450265506084292e-05
3.914236475705788347e-05
3.900812111647155092e-05
3.888294043928894144e-05
3.875823810273509640e-05
3.864716659836905656e-05
3.853751442318866497e-05
3.843377075105925826e-05
3.833504672200314294e-05
3.824198726077204417e-05
3.814413598260553949e-05
3.805749575188379058e-05
3.797795949345430605e-05
3.790059152138225006e-05
3.782583742204489362e-05
3.775297823285574963e-05
3.768445261239171910e-05
3.762198682120087672e-05
3.756153062633098933e-05
3.750295319706124753e-05
3.744837520517006578e-05
3.738755446085417566e-05
3.733703509330207594e-05
3.728545745706682838e-05
3.723785825290884885e-05
3.719372561178067047e-05
3.715233958533697506e-05
3.711129656518065439e-05
3.707097302406383752e-05
3.703647759600058514e-05
3.700114002200528910e-05
3.696918832426999475e-05
3.693404605749093990e-05
3.690471877584258780e-05
3.687383423289015597e-05
3.684496877929880861e-05
3.681811931937434642e-05
3.679118666055096920e-05
3.676264526826169302e-05
3.673900897888887580e-05
3.671405061561673383e-05
3.669341450860437047e-05
3.667163614241874571e-05
3.665136072210891310e-05
3.663115991466815241e-05
3.661269439453829699e-05
3.659218443820555771e-05
3.657197062146772047e-05
3.655636022417970235e-05
3.654065540746908637e-05
3.652383269429041482e-05
3.650953279340743456e-05
3.649383282303736480e-05
3.648091851840313816e-05
3.646391182102454826e-05
3.645311369843212354e-05
3.643987114901029752e-05
3.642747540469634486e-05
3.641495713305077512e-05
3.640419917071952114e-05
3.639518559877887873e-05
3.638636103743721076e-05
3.637314184917115446e-05
3.636467435762179946e-05
3.635344338946551289e-05
3.634607825625795364e-05
3.633601796594998192e-05
3.632814407250459969e-05
3.631972440774280540e-05
3.631205968046218551e-05
3.630449146095488926e-05
3.629791868751832648e-05
3.629117450331193541e-05
3.628443563127160918e-05
3.627893587433267511e-05
3.627365907163623859e-05
3.626669101282056697e-05
3.626214275725535041e-05
3.625648643453551433e-05
3.625071928978874865e-05
3.624524679563383167e-05
3.623983195554222121e-05
3.623504670339020017e-05
3.623135775401179149e-05
3.622728709371605970e-05
3.622396230387364598e-05
3.621791341579547679e-05
3.621362219017828545e-05
3.620972402077796782e-05
3.620626478428776954e-05
3.620314657905702348e-05
3.619973081012667186e-05
3.619625194559489734e-05
3.619335957048401439e-05
3.618951407627421372e-05
3.618703289657870142e-05
3.618365410863610699e-05
3.618022720970417869e-05
3.617818290264829988e-05
3.617571092731521173e-05
3.617236262816061169e-05
3.617058845350653174e-05
3.616735036624700253e-05
3.616553205355839347e-05
3.616380439784558013e-05
3.616108695931668859e-05
3.615912684066949559e-05
3.615736624164350477e-05
3.615614156392543541e-05
3.615418067054755998e-05
3.615276222615866419e-05
3.615143592278991717e-05
3.615014178318457628e-05
3.614862752382971345e-05
3.614685906315522952e-05
3.614544900031822886e-05
3.614474663315087922e-05
3.614379599948977463e-05
3.614209886490827857e-05
3.614108245222532321e-05
3.614059765840382869e-05
3.613902165098811168e-05
3.613868926352287663e-05
3.613780358242389966e-05
3.613623784919552665e-05
3.613580115863768692e-05
3.613502037633667087e-05
3.613419834163580940e-05
3.613389504816455266e-05
3.613266540768752654e-05
3.613223109074153940e-05
3.613124327438189818e-05
3.613105271209759593e-05
3.613050426884341923e-05
3.613035660467380395e-05
3.613019422751841510e-05
3.612968899393545139e-05
3.612953774215496230e-05
3.612896968816315058e-05
3.612888377490909380e-05
3.612875987533168776e-05
3.612867511645905135e-05
3.612863332207534903e-05
3.612858482129334517e-05
3.612841357709392832e-05
3.612838111132001684e-05
3.612783076109794329e-05
3.612779880125426333e-05
3.612776128541740427e-05
3.612770321048433780e-05
3.612768530246294497e-05
3.612766708473538654e-05
3.612670608601088046e-05
3.612629528114367220e-05
3.612628318014860727e-05
3.612627327543356542e-05
3.612626328097662964e-05
3.612625233105299716e-05
3.612602621324713490e-05
3.612601955530290586e-05
3.612601453630607070e-05
3.612600960849664201e-05
3.612600531205567209e-05
3.612600195805767099e-05
3.612599956895247449e-05
3.612599828397426748e-05
3.612596921294169896e-05
3.612587602072769600e-05
3.612587486381163457e-05
3.612587447828351120e-05
3.612587425164450470e-05
3.612587386168856064e-05
3.612587382379367539e-05
3.612587377354381171e-05
3.612587311784470423e-05
3.612587151681687477e-05
3.612586961528784424e-05
3.612586754978178676e-05
3.612586567959668189e-05
3.612584609277335517e-05
3.612584075447325426e-05
3.612583645825874029e-05
3.612583062441389239e-05
3.612582184239587866e-05
3.612577203846440549e-05
3.612566092071400821e-05
3.612552991015764833e-05
3.612542635697490957e-05
3.612539436615373718e-05
3.612528465171957129e-05
3.612486944239601695e-05
3.612479163558589561e-05
3.612477601042217575e-05
3.612474267935065071e-05
3.612468820544767576e-05
3.612463947897189318e-05
3.612461266328418843e-05
3.612457236966963348e-05
3.612318008918800075e-05
3.612191383390312961e-05
3.612173945576798844e-05
3.612131782539008561e-05
3.612099938741578629e-05
3.612090322432821583e-05
3.612066169679657138e-05
3.612053978450324802e-05
3.612046722622792166e-05
3.612037232406129108e-05
3.612025945569478935e-05
3.611996696327697754e-05
3.611974284501763294e-05
3.611958914513585864e-05
3.611939853723082942e-05
3.611933743181062648e-05
3.611911905218273506e-05
3.611785807452418844e-05
3.611768772650252301e-05
3.611745803816788684e-05
3.611737537453636564e-05
3.611724073450194679e-05
3.611716246541106517e-05
3.611704207373617117e-05
3.611696257064623481e-05
3.611627083706746543e-05
3.611584658017855440e-05
3.611541332150445914e-05
3.611527788278134942e-05
3.611514953554282513e-05
3.611495946317987236e-05
3.611468050734381461e-05
3.611449566895553315e-05
3.611432220573483745e-05
3.611411888632085911e-05
3.611390114945965067e-05
3.611369166405351699e-05
3.611353986341259842e-05
3.611169665136667380e-05
3.611136728694063484e-05
3.611119903307851163e-05
3.611059261122718514e-05
3.611042209813613874e-05
3.611026997083112292e-05
3.611014421425406897e-05
3.610906273587044963e-05
3.610883780880174603e-05
3.610868707713704739e-05
3.610829588347715054e-05
3.610778740655858050e-05
3.610764243678719079e-05
3.610705488246727577e-05
3.610686879187928862e-05
3.610654718432129386e-05
3.610630322350067328e-05
3.610560239673030436e-05
3.610502887710678835e-05
3.610480879677240642e-05
3.610442267091998423e-05
3.610411472215364361e-05
3.610395846047387335e-05
3.610371561133860185e-05
3.610340920459985490e-05
3.610322287824497672e-05
3.610307396810621326e-05
3.610265263426961892e-05
3.610247755062523188e-05
3.610194835845096560e-05
3.610170608817735296e-05
3.610149854919185761e-05
3.610122881612321997e-05
3.610093500020752406e-05
3.610067859155530607e-05
3.610037203914529653e-05
3.610022520390937756e-05
3.610005647488330591e-05
3.609950586014405764e-05
3.609916698725378515e-05
3.609884321070039260e-05
3.609859732254602505e-05
3.609804336294114612e-05
3.609789017762072676e-05
3.609750302353111003e-05
3.609703658997947650e-05
3.609663631916798553e-05
3.609616692581681872e-05
3.609590495331540790e-05
3.609569391967607324e-05
3.609529468292054080e-05
3.609504319165924625e-05
3.609476739710272200e-05
3.609449762163116778e-05
3.609415742743305892e-05
3.609378752827237317e-05
3.609349853577727087e-05
3.609279139166392481e-05
3.609227079211450016e-05
3.609205380435439025e-05
3.609176178511451245e-05
3.609158525653571620e-05
3.609137985393717443e-05
3.609117487404270004e-05
3.609084265457795942e-05
3.609054320327116362e-05
3.608963055917032098e-05
3.608919443458881063e-05
3.608883343717028837e-05
3.608845657224364623e-05
3.608818896474898349e-05
3.608787842767471795e-05
3.608750339365703540e-05
3.608717111850077297e-05
3.608661284847133850e-05
3.608637536584376773e-05
3.608615706442364806e-05
3.608589106975431001e-05
3.608534928549663476e-05
3.608516160706653938e-05
3.608485850966144129e-05
3.608468083094837662e-05
3.608444765219306010e-05
3.608399793579927664e-05
3.608355642999542954e-05
3.608322565223992192e-05
3.608279815977807528e-05
3.608237540896974351e-05
3.608213179858320763e-05
3.608193953900908828e-05
3.608130831226574145e-05
3.608109775325755119e-05
3.608072666351783088e-05
3.607983811679667209e-05
3.607960529178918222e-05
3.607928881194770329e-05
3.607873946997965011e-05
3.607822024638878344e-05
3.607644034430498999e-05
3.607613765867638723e-05
3.607557215346594512e-05
3.607527047335899707e-05
3.607489222013485116e-05
3.607456079031871692e-05
3.607431574751782680e-05
3.607376312929941564e-05
3.607342143823043544e-05
3.607273335637481600e-05
3.607239063797392295e-05
3.607157639179121004e-05
3.607132383242272426e-05
3.607109644243790557e-05
3.607045029168121932e-05
3.607011521781099177e-05
3.606982028737666223e-05
3.606911874396299587e-05
3.606884263969561006e-05
3.606834641799030946e-05
3.606803455319551084e-05
3.606773597846092667e-05
3.606728044419426027e-05
3.606681641436570101e-05
3.606623585509646996e-05
3.606595491763173812e-05
3.606567036961488886e-05
3.606507879166404452e-05
3.606441030335218574e-05
3.606389807560218992e-05
3.606334876351882792e-05
3.606277813936265898e-05
3.606237609838397105e-05
3.606207625065769218e-05
3.606141812308185876e-05
3.606094504374381246e-05
3.606062149908136272e-05
3.605977345085869992e-05
3.605869013527742990e-05
3.605808625523391174e-05
3.605763339188761498e-05
3.605694563265085317e-05
3.605652249208380727e-05
3.605599076510935820e-05
3.605524006302111075e-05
3.605473551657984935e-05
3.605410335496583884e-05
3.605354259172887998e-05
3.605305783971239164e-05
3.605223774100861493e-05
3.605171355780449567e-05
3.605123523466839138e-05
3.604985467398052747e-05
3.604921678128567133e-05
3.604861919068217096e-05
3.604807223960405335e-05
3.604638519943784440e-05
3.604590371212014298e-05
3.604538278966738638e-05
3.604466723609036993e-05
3.604372175196228701e-05
3.604313176054585401e-05
3.604180990211035903e-05
3.604110853847314734e-05
3.604032870939797862e-05
3.603938987593971769e-05
3.603821095594569450e-05
3.603701998212762727e-05
3.603596763682718795e-05
3.603491474243493685e-05
3.603389401056731635e-05
3.603249493341088839e-05
3.603113190148632319e-05
3.603036383623152748e-05
3.602869262240029848e-05
3.602701481777352641e-05
3.602557744346552242e-05
3.602395763655322371e-05
3.602211603998779424e-05
3.602048271536480205e-05
3.601837775209241674e-05
3.601662988881076981e-05
3.601430132982645188e-05
3.601260365227189998e-05
3.601043866876130483e-05
3.600893945085730137e-05
3.600665506950838992e-05
3.600350413063452981e-05
3.600199410813240440e-05
3.599918379502368027e-05
3.599690864171569408e-05
3.599314271173216745e-05
3.599119948900384255e-05
3.598809502649851931e-05
3.598593670581148987e-05
3.598413840211244288e-05
